22,90861216
24,59026628
22,43375353
22,47113596
22,70081326
23,06166583
22,64550137
22,74258774
24,75105055
23,39857156
22,93795723
23,49297675
23,27324032
24,83750299
22,82988877
23,27865239
23,28596079
23,24081307
22,81337742
23,05491554
22,84417914
23,05279122
22,65908649
23,2151625
24,15257032
23,06315963
22,4931407
23,18180911
23,02908696
22,85223017
23,54423775
22,59845109
23,18381602
22,88631045
23,03211137
22,84587807
23,17193482
24,03317153
22,66528311
23,87848992
23,73241309
22,89283955
23,62610501
22,75880958
23,06566297
23,08616728
23,23984078
24,09056054
24,00519385
23,1073597
23,74178579
23,38176957
23,50261202
22,86227996
22,82621934
22,65777506
22,99088966
22,77351151
22,72517693
23,60871472
22,77853181
22,77246653
24,13310381
22,83047492
23,04964704
22,89510304
22,70133288
23,0940955
22,93944504
23,15160335
23,18961662
24,19008819
23,38680989
23,74020524
22,70391839
23,15439427
22,78286657
23,36885441
23,27514429
23,15993713
23,07929712
23,48911022
23,42965291
22,70463832
22,59913719
22,84536936
24,09430121
22,98188427
22,98842023
23,05029
22,89518397
22,81679503
22,79326976
22,56866117
23,270689
22,60043489
23,12092725
23,20195976
22,68520493
23,95452952
23,31454933
23,35340586
22,64231968
22,928249
23,20044212
24,07042088
23,44999243
23,25360443
23,73523567
22,91173362
23,10134593
23,45122812
23,62150522
23,05723262
23,54690576
22,93323427
23,7392727
22,90926013
22,66186804
23,32690305
23,07371181
23,35799101
22,62286772
22,97348486
23,50737656
23,0606011
23,17070538
22,7793635
22,87948782
22,68878763
22,50472416
22,72921839
23,06134445
22,95586898
23,69411971
24,79906362
23,09468548
23,06018598
23,0865702
22,92382132
24,01331927
22,8454452
23,3456514
22,70780418
23,04897683
22,89275457
23,53792581
23,41306203
22,65047828
22,93670586
22,93701067
23,01560452
22,61247527
23,22307658
24,1614112
24,72346186
23,11865168
22,74777931
22,88710107
22,67985464
22,56204438
24,4884482
23,34483846
22,80362996
22,99792157
22,75087989
23,76208896
23,4843821
23,06545209
22,99611479
23,14474781
24,06832216
22,82740062
22,98053918
22,91702211
23,08422492
23,03211738
23,90847022
23,0853967
23,32043235
22,84629381
23,04695666
23,14006772
23,42999166
23,58120576
23,05052741
22,94280254
23,04297347
23,40717121
22,99402578
23,44576528
22,9758987
22,94395059
24,32696099
23,19431155
22,84547089
23,10915855
23,24118671
23,01070309
23,81314796
22,97276535
22,7696727
22,72061792
23,44604753
23,35296235
22,73293968
23,32564682
23,22992231
23,38957493
23,25881572
24,05278036
22,65683735
22,69167782
22,57714776
22,85474286
23,28952759
23,03896028
23,24088038
22,78177309
23,50922437
23,0642304
22,82722477
22,63828652
23,27505709
24,54410039
22,86740337
23,12059469
23,08116774
23,02117215
23,35871973
24,06721133
23,15067574
22,84343788
23,87146316
23,12596737
23,1306265
23,14207662
23,39806168
22,52403365
23,55935011
22,90892563
23,11703522
23,15622095
23,17702763
23,32035466
24,57193509
23,31170352
24,18563673
24,1533656
22,63072831
22,89475147
23,22581524
22,72045969
22,72239197
22,89878692
22,99986566
23,76952299
23,11017841
22,95507742
23,68314726
23,48397477
22,91122344
22,97084814
23,35570863
23,19342962
22,70681528
23,56446934
23,0049194
22,99663885
23,87081634
23,21104075
23,33112034
23,26680671
23,34128682
22,80550289
23,19557909
23,10106049
23,080127
22,9638571
23,94872998
22,77631471
22,71046473
23,01304538
22,80270535
23,18473868
22,70233526
23,44553571
23,97932357
22,87260199
23,6762152
23,02987559
23,49667896
23,19083873
22,69130617
23,51177875
23,52704959
23,6891354
23,28146756
22,95453187
22,97406235
22,93305224
22,84732724
22,91067695
23,53044134
22,75179685
23,14857739
22,93421628
22,55892642
23,39315564
23,07825734
23,06035258
23,61580863
23,13919543
23,15417768
22,95292855
22,92594146
23,02574193
23,1101199
23,43536483
23,39510673
22,76761448
23,82950064
23,0413845
23,6696145
22,75512943
22,65166256
23,2086481
22,95505386
23,9831407
22,73504778
22,9540731
22,73563174
23,56743493
23,91971911
23,0263492
22,97493542
23,78701653
23,34781161
22,4228366
23,37519374
22,83488742
22,68931132
22,77714284
24,15858988
23,14719824
23,02416919
22,93548226
23,34355193
22,89647625
23,38636034
23,35508841
22,90194583
24,88803649
23,70974713
23,32302066
23,13963142
22,84091641
23,25421819
22,9432055
22,70267243
24,55970466
23,84366823
23,43622964
23,15692991
23,10721815
23,24334062
24,41841304
23,06598077
23,39810722
23,12413876
22,76795215
23,35012632
23,39669562
22,59012293
23,06719423
23,06385406
23,54778741
23,1404363
23,13694702
24,04746186
23,19582425
22,65419371
23,26903579
23,43929687
22,97565564
23,74184299
23,03572121
22,75833041
22,98057714
23,10677402
24,19175929
23,01800623
23,88657669
23,40139204
23,00076515
23,6457656
24,21961953
23,52373736
22,92418728
22,93476236
23,2204935
23,57787224
23,34794792
23,10512019
22,8241676
22,74564242
26,707064
23,78317869
22,83287502
22,78650534
22,80359925
23,10475537
23,51596277
23,06297955
23,38423401
23,03603323
23,40904638
22,92861526
24,03725569
23,27379254
22,93110788
23,6528822
23,02255789
23,49878748
23,00294386
22,78034276
22,92808333
23,1142211
23,94500673
24,06503353
23,09302695
23,36337262
23,45979127
22,78637047
23,26406836
23,00274969
23,06023479
22,68609922
23,93847813
22,81226029
22,97272389
24,97336202
24,11164547
23,00044326
24,0713656
23,16494241
24,14568219
23,77124824
23,33267664
23,6846308
23,84204998
22,90174445
23,65131408
23,65193458
23,07219141
22,87117217
23,60650336
23,06500043
23,07072309
23,04314313
24,01224549
22,86382045
22,61227442
23,11654687
22,59882929
22,85154382
22,91233085
23,30131146
23,18783951
23,02657547
23,01393844
22,90786729
23,01000683
23,10747845
23,06264346
23,35365696
23,26685966
22,48465793
23,59085028
24,85747947
22,97410836
23,79985241
25,24150108
23,4217656
23,17911958
22,87729879
23,08380365
22,77066194
23,76146312
23,82584943
22,96547582
23,06657607
23,83160717
23,94827958
23,33977253
23,1360593
23,30586515
22,89768027
23,07229492
23,19684158
23,15082119
22,9843726
23,44488521
22,72255577
23,19395246
22,55747981
22,83691782
23,9105824
23,5438335
23,21793599
22,95272456
22,95617924
23,06165559
22,91969754
22,77895502
23,18344147
22,64816786
23,87127011
23,08147472
22,70881443
22,64874375
23,11916596
23,04534373
22,997446
22,93530427
22,65271191
22,88366292
23,39369871
23,0723538
23,07493253
22,95864477
23,015164
23,96417125
23,40872814
22,75721723
23,80911248
23,26887816
23,04431805
22,90181012
24,00924362
23,64178173
22,93211803
24,19320393
23,31214279
23,62576375
23,27658255
23,91693229
22,89899333
22,96001744
22,62235547
23,34978978
23,30307741
23,17711733
24,02020223
22,9871395
22,83147935
23,57755537
22,84812236
23,15990415
23,74463729
23,42255324
24,08080727
22,72747327
23,05100249
23,11792731
23,15446111
23,09017653
24,28895919
22,96504906
22,70754578
22,76522218
23,83615747
23,17048688
23,04162807
24,31119991
23,6058811
22,73228821
22,80480645
22,67991009
23,20486752
24,69280268
22,71559363
23,72624201
23,25718409
23,31292515
23,03920314
23,23984964
23,57141489
23,28956165
22,75146257
22,49393394
23,22982374
23,28017812
22,68670173
22,77642612
23,62174445
23,41917605
24,21780461
22,84038937
22,71363863
22,97988621
24,34790851
22,77744049
23,14664836
23,21400756
22,86944661
22,89262269
23,99521015
22,62002413
23,43632624
23,20590576
23,16465529
22,91812418
23,47523413
23,5047008
23,06454773
22,88555129
22,911865
22,82656571
22,95890313
23,20432538
22,98998191
24,43324493
23,14330046
22,84793325
23,09101723
23,18437379
23,14501366
22,6923719
23,05371383
22,65139597
22,54466357
23,52639339
23,18247297
23,2662836
23,31568828
23,23256264
23,00957476
23,07882344
23,00986487
22,78036246
23,58100409
22,83888088
22,92527427
22,95941542
23,18421684
23,02458259
22,63141935
23,7193567
22,91167437
23,14709334
23,16822711
22,82336331
23,69561888
22,96900223
22,87897983
23,87921617
22,71848228
23,29748156
22,82650295
23,3432446
23,51864173
23,07183296
22,86913304
22,60981639
23,07948528
23,12156002
23,42999697
23,04569026
22,85017533
23,07208721
23,1229372
22,79859899
22,97356552
23,18323682
22,64719844
23,61364565
22,55851915
22,66541688
23,91456662
23,0114629
22,73793421
23,17198695
23,20353432
23,20004101
23,26629758
23,97112323
22,66075928
23,13896736
23,0783805
22,87196081
23,03926024
23,43465836
23,09066005
23,40284534
23,21784663
23,11058911
23,58913465
22,84260018
23,5264931
23,42655043
22,89666057
23,21768388
23,28434792
22,87959292
23,05981597
22,85559404
22,96867268
23,16195916
23,26151118
22,81870281
23,30652059
23,80286741
24,07525372
22,82552431
23,90556911
23,09244636
22,90863732
22,89747097
24,73188617
24,1445929
23,17580411
22,7190576
23,04643946
24,15237499
23,94321926
22,85394501
23,01037783
23,05987185
23,13757368
23,2882644
22,81827427
23,60407148
22,781643
23,06993785
22,66043804
22,72287986
23,46391854
23,17192763
22,78995695
23,46796895
23,0371146
22,82513283
23,28084493
23,84520485
22,61232437
23,0870021
22,98281803
22,70446442
23,1564205
23,49689998
23,79111687
23,20906738
23,05607075
22,7177392
24,45775631
24,12782838
23,11925286
24,37525655
23,57431837
22,81542392
24,01489413
23,13341965
23,10425867
23,29780616
23,68350859
22,73758441
24,14076272
23,13680257
23,2842769
22,94966319
23,14678095
23,16898537
23,79404598
23,236161
23,00899074
23,60906657
22,88304354
23,60498389
22,79576334
23,31401184
22,86366091
23,28019162
23,9555187
22,96120642
23,64400343
23,0393539
22,69019941
23,38688726
23,58490082
24,06966446
22,94433104
22,70384675
23,82328395
23,40678816
24,67273395
24,16012122
23,15286423
23,36275992
22,85890451
22,98762163
23,20988951
22,72010019
23,12502393
23,54386451
23,41703215
22,73909626
23,39588621
22,89985807
23,58537991
22,81971639
23,232092
23,31949676
23,19492747
22,9172624
22,96206265
23,12539778
23,64911443
23,9174213
23,14111464
25,66114392
23,09706803
23,34873471
23,13566545
22,88554533
22,99396674
22,52482993
23,15257282
22,91238414
22,92989234
22,7960293
23,69899097
23,13382808
24,02107162
24,07352941
22,88275482
22,67080147
22,68651261
22,93878835
22,96526413
23,48707774
22,84995774
23,83192195
22,8238129
22,876742
23,26533648
23,96127673
23,18277912
23,89383176
23,94793883
24,8424373
23,14350428
23,21895435
22,75245842
24,63994645
22,67721778
22,69405746
23,11828848
22,66068232
22,97773453
22,85571643
23,98006241
23,01066132
23,07846537
23,32932688
23,06334319
22,8054388
22,88872284
23,38408671
22,78687184
23,72521557
23,06353382
22,80720831
23,42395716
22,78578408
23,14379395
23,32576934
22,63169015
23,36305497
22,91887373
23,20864843
22,65015259
22,62286153
22,81695456
23,25186018
23,92070706
23,05494361
24,53496056
23,6766616
22,75178455
24,39875685
23,66616842
23,17390052
22,5608755
22,99150591
22,65437764
22,96093472
23,06332488
23,4356539
23,0242695
23,85831755
24,21705568
23,41151449
23,14750631
23,05635503
23,62803297
24,60995078
22,89298837
23,6733485
23,55404901
23,53467682
23,34360382
23,429869
22,88144893
23,44191113
23,40792456
22,98630267
23,1218987
22,85713742
24,07410918
23,3756528
23,9287814
23,60324621
22,88727616
23,32920299
22,70344712
22,95771266
23,08042209
22,95973423
22,89725436
23,9838807
23,26616834
23,25605948
23,11165978
22,88513586
22,56411386
23,09387615
23,03919348
23,08199672
22,64820681
22,94540399
22,69082794
22,8925723
23,30362637
22,65886702
23,41571607
23,20318518
23,25540337
22,55780335
23,72432106
23,13807366
23,33463542
22,79285976
22,95839212
23,09208731
22,97718355
23,60958882
23,80902458
23,21302457
22,87817538
23,0688797
23,11291635
23,35791669
24,08944652
24,37733234
24,30198121
23,23627644
23,4316188
23,26212693
22,57476858
22,94043954
23,71246903
25,44446092
22,7330934
23,20947569
23,23548008
22,76792986
23,79782845
23,83086331
23,37743749
23,69352678
22,89475633
25,12221078
22,92019925
23,20391187
23,80715059
23,08641041
23,03644333
24,33866022
23,1314401
22,86585423
23,3599334
22,70445672
23,72041356
22,5476756
23,84962172
23,03664938
22,84694425
24,20655267
23,24046907
23,7005285
23,04843482
23,86310617
23,55869429
23,04726382
22,76552961
22,9669616
23,31850672
23,32044903
22,70445073
22,63991754
22,70701919
23,86440422
23,53803853
23,06677579
23,21171261
23,82008755
23,30634287
22,7921846
23,30078259
25,35803257
23,73150716
23,24476635
26,0535578
23,73695587
24,23179755
23,13788457
24,41152625
23,17631358
24,16858096
23,65637986
22,85735087
22,90675262
22,99415305
23,33667785
23,59144301
23,32219484
23,67019099
23,88892501
23,66930895
23,23525745
23,29608546
23,07491721
23,3819062
23,72196944
22,75472207
22,80727136
23,25451105
23,04684081
23,39550285
23,12257139
22,74360334
22,70219091
23,2917958
23,6981104
22,87089266
23,0179478
22,79679789
22,50850767
22,73478028
23,13617852
23,49530748
23,08595411
23,5004179
23,69419747
22,96831406
23,03772954
23,00623932
23,37574231
23,44278329
23,14441902
22,88698336
24,14750593
22,94500466
22,73760953
22,83779265
24,05326453
23,07784514
23,35105613
23,00126023
24,09548177
22,54475976
23,05082002
22,94517548
23,60467811
22,83049947
23,28076273
23,05741458
22,86259933
23,05070099
22,99043996
23,71275128
23,09500873
22,94392591
23,83193088
22,71343447
23,13437419
22,62881607
22,61862262
24,64510502
23,04090978
22,86933226
23,92878304
23,12955667
23,13602783
24,37793689
26,35527404
22,81825577
24,2603744
23,38162653
23,34727541
23,57877751
23,68440896
22,60188073
22,89036753
23,50982988
23,89981729
22,85082314
22,87298993
22,97988219
23,14509427
22,96336001
23,23139732
23,61914374
22,9084576
23,99292982
23,54062983
22,82428852
22,46925993
23,52615265
23,83730574
23,78216087
22,9528297
22,5695605
23,26126088
22,76731776
22,61459456
23,12633188
22,88699472
22,92308711
24,96014822
22,75059759
22,67057161
23,11128385
22,99789739
23,00339221
22,97950465
23,04127063
24,92992881
23,4224269
23,22835431
22,97695689
22,79649442
23,33702605
22,86410153
23,05733908
22,93972658
22,68302569
23,42636039
23,25845435
23,79796887
22,53641268
22,82294076
23,07987752
23,34252648
23,28205868
23,59087594
22,7363571
23,41497864
23,34648342
23,6136658
23,24904115
22,53450965
23,25446347
22,83031963
23,25644494
23,5397551
27,94999433
22,9818361
23,2159252
25,41093999
23,49151359
22,89727218
22,89435838
22,65112386
23,08828726
23,27488187
22,93634156
22,94778461
22,92777116
22,98584075
22,88586412
22,97068174
22,63755243
22,68834024
22,89025353
25,76867096
22,80141154
25,21161216
23,54724677
22,85214387
22,91148331
23,02406433
23,20836927
24,09252708
23,08045131
22,96380565
23,38548673
23,56696425
23,68781422
23,20836023
23,26889604
23,32545117
23,16623301
22,94886525
23,298512
23,66632656
23,05131655
23,52797231
23,36306974
22,63836484
24,082055
23,25120052
22,87499968
25,17950986
23,29552523
22,97237407
23,47978493
23,43472084
23,02324543
23,32450685
22,73177929
24,04952171
22,92049259
23,23197071
24,52459694
22,98882954
23,22491456
22,55353494
22,96248927
22,90956172
23,65021953
22,86891012
23,24227626
22,84928124
23,07425655
22,60734041
23,36576754
23,49501824
23,26786248
24,40294261
24,13935996
23,05100488
22,7043803
23,44006638
23,01931374
22,69083551
23,31487561
22,57226525
24,32044065
22,93292232
23,64219762
23,26655291
23,00602015
22,99497744
22,79989713
23,82924684
22,52462185
23,2747928
22,85348644
23,61052062
22,8205548
23,09015083
23,17027629
22,80250561
22,81048932
22,95960351
24,08692109
23,59955655
22,65403765
23,42660194
23,35175207
23,4160015
22,95695381
23,4405003
23,00041098
23,40226647
25,13263
23,68845031
23,34815421
23,04662059
22,96245211
22,86568267
25,04106921
23,2132457
22,93902415
23,59199718
23,00416733
23,21204259
22,87203276
23,54339496
22,8527742
22,72604258
23,00667417
22,71710809
22,98342448
23,52352975
22,73059694
22,43834497
23,05330024
23,1619445
23,67642275
22,79320365
23,54396896
22,69228525
23,25909104
22,92853164
22,87313178
22,51060036
23,0016994
23,10353391
23,02265641
22,84651777
23,51009294
22,77510673
23,31655056
22,59573823
22,7798278
23,18493036
22,98461693
25,05060164
23,10141373
23,51047967
23,08206712
23,45044292
23,7275005
23,60779495
23,39171274
22,9049194
22,69151668
23,07074046
23,13755988
23,04465475
23,17056623
23,49143582
23,18241972
23,81043443
22,97758501
23,34295225
23,16909395
24,4633437
22,68824061
23,35491853
23,07918909
23,08318047
23,18491093
24,05095768
23,40255865
23,08826118
23,14841316
23,51114583
23,91935
22,86181738
22,95361158
23,08141097
22,96570223
22,685218
23,22404195
24,1135612
22,70217758
23,32660667
22,90759819
23,25452365
23,45510419
23,12440537
23,41257843
22,79209725
23,1573314
23,29902447
23,16767212
23,60396118
23,79899049
23,67777023
22,76175212
23,56308564
24,14742993
23,49328896
23,71177445
23,10339055
23,40541042
22,78102185
23,23348412
22,97217119
22,65488828
22,83339445
23,02193645
22,78659459
22,904926
23,25534948
22,86212628
23,13506608
23,08164201
22,75208565
23,1244313
22,76345537
23,30385333
23,36951466
22,96049925
22,93070288
23,50709298
23,33874385
22,91503047
23,19026553
22,94581531
22,93474697
22,57264127
22,65885607
23,93172929
23,7271275
23,72237075
23,09067706
22,94126687
23,45460929
22,92273329
23,9645776
23,00767258
23,9005697
24,04691251
24,23890161
23,33661653
22,72685218
24,50676975
23,4468517
23,28756908
23,22464438
22,56283604
22,93604415
22,67247538
23,02935434
23,1016282
22,86708182
23,12807844
23,38386462
25,82525779
22,89979655
23,43524526
25,79107074
22,69185064
23,26935473
22,83248855
23,26222663
23,4645126
23,89427744
23,52293587
23,04967963
23,11906832
23,7516847
23,81894149
23,49221467
23,57081896
23,31252107
23,21934356
23,05744881
23,19276202
23,51204903
22,78057907
24,74001891
22,752504
23,3103115
23,47194695
23,13179703
23,1104103
23,02716922
22,86515189
23,52716227
22,87285392
22,75089785
23,17174291
23,16852071
22,63193455
23,4528044
22,91779958
22,86892083
22,85046716
23,30239403
23,32664259
23,14340488
23,04181985
23,23380267
22,83285906
22,95354117
22,68154771
23,33156393
23,46753716
23,34814624
22,94733693
23,12103603
22,78564416
22,94591947
23,14807294
22,76376707
23,85987655
22,95569853
23,56457296
23,0448454
22,97460545
23,47218407
23,11401738
22,86755429
23,91652551
22,95348123
23,43668672
23,19447406
22,65187939
24,27825439
23,07479109
25,19175596
23,13853977
22,80847023
23,10708491
23,01092871
22,71687881
22,96306832
23,47398894
22,80400404
22,61602093
23,1672189
22,91078058
23,48597046
23,11935168
23,98284596
22,99784553
23,32676108
23,28377204
23,40176508
23,61763873
22,57829137
23,91106928
23,08130408
22,77364156
22,78010961
22,99837941
23,12748124
22,72968454
23,47482546
23,26012296
23,66453717
23,56277954
23,01537944
24,12455385
22,67382949
23,34232617
22,94250177
23,15539629
23,78874174
22,81658669
23,15017739
23,01265147
22,93040393
23,44698206
23,42437199
22,51937932
23,27257433
23,85290166
22,97664748
23,62597662
22,70187775
22,82434823
23,77562494
23,26233372
22,70564924
22,97378133
23,4917489
23,10563478
23,09734754
23,31160793
23,61191929
23,27465849
23,60458362
23,55747986
23,13302654
23,04755947
22,93313562
23,20755083
22,89654052
23,07489345
23,74846338
22,96944192
23,37653367
22,94192892
23,07302909
23,03333149
23,05568774
24,3761899
22,83087993
23,22145142
23,24418925
22,83546028
23,07485558
23,01853156
24,15052001
23,24531842
23,15070924
23,58799785
23,70851199
23,43530292
23,04119097
22,86498333
23,22859355
23,02670676
23,01454401
22,78184948
22,87398514
23,19868374
23,41595062
23,21032274
24,56619998
22,83669239
23,3724462
23,12520482
23,29928667
22,92430289
24,13040393
24,28728695
23,34136669
22,95507364
23,08332572
23,20260492
22,88321844
23,23129674
22,86650637
22,9502747
22,72592021
23,29853476
23,18578658
22,72132599
23,47230901
23,06066423
23,45038034
23,01289879
23,0931815
23,40316486
22,96074291
23,49962421
23,02799881
23,03926793
24,03097201
23,83077806
22,53143774
23,2891968
22,7831388
22,8831512
22,69627226
23,31795584
24,01268661
23,25886384
23,28445432
23,72896986
23,07932546
22,92014863
22,69525959
23,08120492
22,66030733
24,62073177
23,81746361
23,81689342
26,46665865
23,17291008
22,87258128
23,31766583
22,47150751
22,74242913
23,74674819
23,54166363
22,88386941
23,04479634
22,88523802
23,2606547
23,63043037
23,43130859
23,00812897
23,40630388
22,84232684
23,30908253
22,97038978
23,31962897
23,04143181
23,54384535
23,59297732
23,34804207
22,8300687
23,75224192
23,52701962
22,80691192
24,08264678
22,93396479
22,69528001
24,30054163
22,98138286
22,74488176
23,6114472
23,26780955
23,69882853
23,28329144
22,86572029
23,50034028
23,14242187
22,87459215
24,0384229
23,6338665
23,05315053
23,03674201
22,79677402
22,92418406
23,2463737
23,07153813
23,27492039
23,06403978
23,40867401
23,37730963
23,09325304
22,71527652
23,21443294
22,90005236
22,91239234
23,3088057
23,53763898
23,75594917
23,46744183
22,47688676
23,18125789
23,12294657
23,80739884
23,54816012
22,75665955
24,02907499
23,3271361
22,86866958
23,23166949
23,69634827
22,69064607
23,16778022
23,54275173
23,57109685
23,61140406
22,81278294
22,55245718
24,30389372
23,00162448
23,93520696
23,33245188
24,21074845
22,8818321
22,86582477
23,74494212
22,64468202
23,13512881
23,67156973
23,18309606
22,91872215
22,83261785
23,55260047
24,2968342
23,13110119
23,34145987
22,59361218
23,88401485
22,75043405
23,79710638
22,83764895
23,52743115
22,89139201
23,45506077
22,95168367
22,67502456
23,71166962
22,80799149
22,77878557
23,39672349
22,73132525
22,73546696
23,1879766
22,81959297
22,62528152
22,81430825
22,9325452
24,81300619
24,000803
23,49936461
23,16326155
22,79584501
22,83308932
23,53679677
22,86559061
23,35970334
23,55799114
22,89044724
23,04202772
23,11311631
23,97586712
23,75870046
23,17785477
23,30571991
23,18991195
23,40565842
23,59091871
22,6042274
23,12539548
23,3590816
22,71467412
23,56636385
22,85536615
23,41902308
23,73753414
22,95889118
23,04014439
22,93846803
23,03683464
23,39873315
23,06887081
22,66168232
23,37007935
22,68747127
23,64685026
22,78031053
23,00509809
23,40043371
23,20026354
22,87513669
22,76541465
22,68737596
23,38630809
24,23682805
22,90885267
22,95774373
22,88292161
23,30473778
22,64557866
23,46792388
23,81797225
22,78122839
22,76163483
23,19842279
22,95247371
23,81207377
22,82764295
23,00145792
23,451459
22,75038044
22,7931544
22,60976514
23,44245229
23,67270599
23,45751994
22,82854328
23,01235703
23,82449653
22,66610627
22,76543121
23,08076999
22,96163612
22,80525021
22,50502442
23,30120914
24,91990967
23,14975197
23,13229437
22,86706546
25,54112159
23,16098514
22,94634328
22,94128584
23,54618411
22,84857215
23,13435484
22,92353592
23,51248457
24,36631161
23,49078002
23,39486162
22,90202146
23,05075501
23,07395468
23,78378967
22,86884797
23,05809444
23,668499
24,38219286
22,97219287
23,37525033
23,49527589
22,92293251
23,52034727
23,15370819
23,75923168
23,06572019
22,88695817
23,74084558
22,97065119
22,9473211
22,87351554
23,22667143
22,39108195
23,01005785
22,97358693
22,69637488
22,87877021
24,59836422
22,97043258
23,13810731
22,88648822
22,80648162
22,64880719
23,64676653
23,23894684
23,6103089
23,13608965
22,73130347
22,79126516
23,4344682
23,12374261
22,66976487
23,06573675
23,58369526
23,21434071
22,86153047
22,83879805
22,79920268
24,41223632
22,7577517
22,81856935
23,32393151
23,47462914
23,31017013
22,96499863
23,35512139
23,59591962
23,03605485
22,77270882
23,29739918
23,14223151
23,17373548
23,69811075
22,78332613
22,96295708
22,69183506
22,98727635
22,62038886
23,326619
22,83044886
22,51354469
22,87642999
23,45738217
23,1590184
22,70793843
22,89179396
22,6698011
23,32168926
22,93356141
23,17909309
25,07065389
23,16230358
23,49878194
22,74772159
23,13720653
22,65575112
22,83945046
24,78604563
22,95098723
22,70129631
22,79883691
23,19102342
23,17685549
23,20284816
22,89388268
24,2075043
23,19432909
23,20935267
23,22701714
22,80280805
23,59235674
23,80360734
22,93090544
23,15624009
23,49265823
22,92187098
23,24247667
22,86865618
24,03969594
23,14791883
22,63966097
23,47820489
23,27483411
23,06087678
22,74759847
22,80804759
22,878143
22,69312656
22,64442402
24,1454204
23,24988964
25,94425241
23,53325495
22,79239837
23,20333645
23,07152588
23,00486875
23,0245688
22,68313439
23,02661506
22,84059344
22,84578183
23,42255562
23,07124445
23,83604785
23,34024338
23,5570498
22,72483388
22,80803643
22,96117113
24,91195065
23,40174192
24,56574136
23,04950895
22,91815557
23,21780258
22,9021631
23,20676604
23,22817185
22,79155909
23,14258574
23,18080797
23,91630357
23,08054808
23,08605039
22,95084652
23,65850984
23,17943575
23,97685893
22,6101356
23,74801331
24,17210198
22,88853915
23,3016658
23,0258536
22,9693463
24,09319258
23,07033476
22,98710247
23,86372399
23,29168607
24,04956714
22,72914479
22,93431193
23,3233045
23,75457086
22,67416257
22,93634717
23,84083197
23,32296404
22,69739723
23,1048144
23,25718313
22,92836001
23,29667854
22,69015602
22,99288555
23,36583783
23,00090188
23,61099857
22,63861191
23,02348844
23,54756462
23,10796989
23,06289607
23,89400084
22,89050016
23,33583268
22,98943601
23,07598149
24,34710743
25,33407244
23,15502701
23,25920988
22,87370282
23,10327127
23,24725111
23,24839709
23,19197932
22,82512184
23,9067948
23,25728945
22,99160711
23,39348249
25,16331665
23,05453592
23,09160035
23,8825143
23,33518477
22,79292541
23,83812518
22,89964831
23,32699563
23,19249538
23,5300744
22,95891307
23,38604189
23,37154006
22,69146255
22,97338752
23,02550746
22,9098609
23,25921135
23,80240241
23,63965194
23,70838848
22,83715353
23,68502292
23,806456
24,3108942
22,80935818
22,7814985
22,94061633
22,97895721
22,68960634
24,0796856
22,94286756
22,51842784
23,09784006
23,38082775
23,78151462
22,92892425
22,99074403
23,58731105
23,01624229
23,3086229
22,99751597
25,27860435
23,1430143
22,50822175
22,62255046
23,08752259
22,77553159
23,46018326
22,75236681
23,13812298
23,97007272
23,64016034
23,53258663
23,1769444
22,85204904
23,46952895
23,31425745
22,92328959
22,89831619
23,4298987
23,20510131
22,98825267