133,4159845
135,2357688
115,8478047
113,384912
125,728734
139,8807461
125,0652141
139,0593403
121,3136713
139,3719556
98,26561776
132,4615243
131,224379
104,412802
123,7072406
141,3273768
119,5565974
88,90974993
115,6810076
129,7932985
110,0540281
125,4921478
131,7777823
150,213206
130,5068619
150,6656541
118,7430758
119,5838518
165,6176119
146,3275722
135,1983268
131,0627482
121,722095
127,9534327
150,3825341
102,3759232
130,8538651
122,0998413
146,6694196
94,83807716
123,2162648
134,5645346
145,7798358
146,2825064
141,6725122
141,190038
130,6201535
131,2856956
131,9244465
142,778681
129,7022358
131,6933939
113,5682022
123,1493787
96,31931435
134,6447162
114,7528106
134,7409019
140,0567745
139,0532046
130,4196391
129,1492976
104,9168395
145,2236464
140,0847944
129,1805087
158,3934927
139,5256029
123,6144623
126,7648328
115,5926125
138,1040979
135,1816629
131,576912
103,3144097
127,4532742
118,6361247
142,2478883
125,7518223
110,0255905
90,67641959
142,0250067
128,2443358
128,3070828
128,3039936
137,1957775
117,3082025
130,8307943
141,4420493
125,3976223
139,8235351
120,9781008
130,4080696
114,5849066
111,3691969
106,0507063
158,0638382
135,6343433
138,3014431
110,8860671
109,7824054
133,4546685
141,1500791
132,8130291
127,2919677
136,6097343
126,080862
114,7800803
165,7326975
122,0607296
121,286983
142,2597534
153,8962742
127,8041607
126,5378074
130,4552214
133,6281741
126,8327185
110,7775882
154,8263317
122,4970249
123,5327075
133,641415
147,920474
123,7600224
105,927583
134,8997957
148,5859501
123,109304
107,4700498
104,3438183
130,325249
128,8445272
129,6432242
121,7564958
142,4447336
128,2489716
144,0415223
126,4470548
111,7695549
139,5817679
127,9317661
160,9934414
123,7084792
110,6338599
125,8858053
125,8038709
126,4498693
139,2022806
117,3469217
140,7125847
119,3375227
168,1028282
134,2755858
123,0725791
127,0038395
138,0388986
116,5066612
144,3654763
100,4382993
146,7695347
133,9891254
132,81004
129,481005
126,1449631
131,3005757
98,75768894
123,2118169
140,0042374
145,2603838
129,3827172
120,0855351
136,2138117
104,6620345
140,8905066
154,1480532
118,068302
130,6515489
142,1356943
123,4234686
123,6198326
106,7689056
134,0169344
109,1026753
138,0823432
119,2723821
130,5768046
95,41727033
140,4903862
116,8705785
146,3056989
115,2701786
116,8514404
133,1477602
133,5038938
117,635164
121,9988554
139,9247805
154,461664
130,8494008
135,727425
139,2298053
122,8380483
118,0487589
137,5431618
124,4548172
133,0912343
118,1041161
121,6067137
124,9661624
152,7099332
144,3895478
124,6199649
110,7932495
127,3248748
104,0045058
150,4407831
126,3348091
128,985781
144,7975727
151,0487786
140,1430937
120,4529083
155,0742667
92,65014331
139,1202366
111,5105088
115,3259559
135,6033033
99,67238786
126,3903358
124,3979597
118,5921088
123,1397614
129,4531694
135,2512253
147,2126691
111,4991356
128,3565328
130,6510134
136,0385317
132,1146457
141,0691959
133,7097593
129,3915452
144,5682046
133,0889892
120,1884109
117,2184882
123,9938551
144,4474717
124,2456446
114,1112022
134,9680363
115,1303822
134,6571469
107,2374753
119,8371423
130,2166711
135,0259667
129,1574875
126,6202922
157,384153
113,0074345
121,854285
88,28621113
151,2904332
131,5975142
128,1926075
145,5701641
152,3879414
132,1501304
114,6869204
124,0825267
118,919029
121,0297871
127,4314958
121,8644907
141,9577041
138,0636322
100,3474408
110,054213
132,5323322
119,4347141
124,2077227
136,139533
125,4885944
130,7993767
127,8763707
146,5226467
138,6709556
158,7305798
139,853986
121,0134103
135,4408308
121,794053
130,3601824
138,4343942
129,1393074
115,1413384
139,8680603
132,8873281
135,0225103
99,77915848
139,1399569
124,7149485
126,7495035
112,1973974
123,0450721
125,8426675
128,9216785
121,5566843
131,6537814
107,1401696
137,740758
122,54409
120,0456645
122,8464359
119,626235
133,7659252
110,9154585
125,0306166
113,8473617
140,3895591
141,8001312
147,1225185
138,5657841
140,5690464
128,1438724
130,4987067
165,0385849
124,3564555
136,4603504
141,969976
102,9973579
158,830526
134,6795175
115,1835686
106,9210211
107,1932934
102,5216292
134,97555
115,0325082
118,1624716
131,9657228
141,8705181
150,9158537
122,634694
129,662739
105,2362539
132,2530901
134,0367662
109,3152548
147,2986344
116,9173339
138,8430963
160,7773167
120,2843638
155,0861879
118,0064557
131,1299392
105,4055108
118,6176843
122,3219361
126,7654389
125,5140196
127,8021722
149,1228632
138,9317631
107,8414756
126,9672016
125,4083117
137,1123843
115,6593571
146,1711286
133,0261097
140,0344699
123,8104863
128,4589105
110,7334197
141,9764319
124,880459
144,695386
121,4593428
129,9677237
101,6036712
143,3947988
139,8784602
146,1169121
133,5450155
121,6717266
118,6569381
134,9458372
151,4256343
127,7620285
144,623872
137,0188926
152,4408483
140,8399914
136,3055008
142,1801139
142,316905
117,9800065
134,1891424
114,9494116
130,1934027
119,418949
139,7141395
124,4773096
108,057576
136,6066527
140,3437416
127,3097187
114,8159195
118,8400674
127,4231934
104,8475215
130,6637424
137,17514
118,5812059
151,606965
135,2618413
119,9700512
122,0213257
134,5792803
116,9474013
127,2390575
91,21740958
120,4180042
134,8368746
142,6511674
104,9280264
127,0149559
114,6640861
145,280184
123,4530262
128,5647815
138,8101392
143,7887253
117,0588091
110,0195193
136,2324048
124,162365
123,4445761
155,0161791
141,9102737
117,0191122
103,377688
106,5247855
121,4114102
144,8775514
100,2996946
116,5124028
128,1822785
126,4216081
113,1929217
123,6944202
128,9726483
107,6385833
155,8662879
117,7868707
144,4352697
123,6030215
138,6687005
141,1083382
138,7732674
116,8024195
118,7395368
136,7472513
113,199504
127,6294644
122,4090754
127,267465
129,5283344
141,5126442
119,1472215
121,2877506
116,1170794
140,700952
106,1176983
126,1728712
140,7030793
130,3987524
153,0439801
154,400462
124,5389027
121,7882059
115,4506749
137,6852025
125,1939564
121,3532193
103,3154902
126,4817685
136,2541182
130,8160971
95,56778526
141,445767
121,818282
120,0733293
115,5903219
111,3992418
119,5979779
128,1426106
141,1469479
132,7325487
139,7741461
129,2335857
137,3237437
131,0637317
135,6338716
151,3481897
140,0048531
86,29053349
159,9765209
97,16010571
149,6880056
115,8351624
146,8528829
113,7500065
138,2873656
110,1786949
140,5473287
102,5527644
99,52219696
142,5752732
120,8219817
137,3854648
121,9290476
139,0506248
148,1088526
154,0154926
119,0607101
109,0099133
75,04104665
152,1453372
139,4644871
125,6087442
121,8358523
130,3920352
118,0159231
139,8374138
129,6988003
105,2306211
139,5666197
145,5737687
130,0621734
156,3114568
116,2954295
121,4405043
153,7107059
128,6264788
121,579454
114,5584317
124,6989483
95,11454642
105,1161114
132,5720089
134,3739173
107,7997555
125,4182516
111,3219809
122,2215377
129,9055035
112,6284517
127,4646829
134,2318375
127,5583679
145,6386763
114,1679611
128,471202
141,9952934
129,5703076
104,3731904
120,8738229
136,5595229
135,6062952
134,7168711
134,4306823
100,5882598
133,7997021
137,9696813
130,1799601
136,31413
141,2969633
119,7495912
129,2332679
135,9238619
121,3202612
109,4602471
112,6837366
118,0545705
138,4711836
129,5009639
130,3535856
131,4938944
96,86537432
134,6720715
126,6574188
137,6212762
125,4827476
122,1600226
133,3693354
118,2982057
131,3435581
124,1480217
129,1354547
127,837648
129,2092288
134,1205749
119,3665046
142,1564641
128,46567
139,5382149
137,8111487
132,0840533
129,5199971
125,0119157
126,0757501
131,3280017
117,3381467
153,659737
122,802702
126,1990803
139,8083194
126,7303048
137,7353281
130,154971
136,2253935
125,7236588
157,5583778
140,9138181
143,2630743
156,3111958
114,8684331
122,3215615
154,7221838
130,1514946
135,0664917
143,7594935
121,1944619
125,5916396
113,1181399
100,2307128
127,9339268
146,535559
114,6007189
148,5427919
143,4304043
122,1989375
117,9355433
102,0954939
128,2251834
122,9665479
124,1322265
145,8036461
138,3649911
139,0972436
132,7178525
124,1808867
124,2237868
142,9788558
124,6931379
95,65785337
117,6032607
155,3485756
153,3607163
124,170333
141,3200881
131,9965261
121,8944276
103,8623979
118,149014
146,4915436
129,6345229
119,8662675
141,272422
146,8898249
123,9407123
101,2372352
120,5185291
96,81574896
127,496583
138,0799592
121,0215159
130,3756313
120,5786741
125,1346668
150,3959117
108,6004225
112,8496449
131,2077441
132,3887305
132,9800082
134,9070961
128,6377102
110,5270037
129,6427336
115,8352689
105,4872945
128,9677553
152,8993368
129,6331721
123,8176648
135,7769111
131,8859174
123,8205308
104,4240355
125,7324312
134,1428632
136,602245
136,5853012
102,3398158
117,2186284
148,8679891
117,8676157
135,2585485
123,0632269
132,816518
146,0093778
152,3010475
127,9270305
131,8045987
124,0355645
130,1443847
143,1999626
138,9626092
110,837307
132,5792526
147,4231986
122,1322619
151,2249488
106,5688271
145,1808207
123,1362348
142,4980219
133,2176435
123,8192943
128,0390858
129,5009996
129,9839362
104,9450608
126,1991929
131,4801512
118,7443879
143,2329627
130,3104259
135,638519
119,9157018
128,319056
131,8630842
134,6834011
131,7672133
121,961015
147,4038308
140,0412975
138,3889955
140,6640017
155,323772
122,4432306
142,0353941
144,7508964
105,289415
129,2448877
114,6144791
119,1865295
127,7259101
126,0830028
135,9240754
122,501359
136,6391559
141,6714113
132,5752023
106,5379152
127,6431054
130,8505415
117,0227919
117,9399919
102,4128052
148,120347
131,1625386
110,8844867
120,4041142
123,8738512
114,4105543
121,2742759
168,4528007
125,3039641
119,0968973
136,6202257
123,5419777
103,3260836
100,657102
122,7921178
131,0108044
108,3993119
112,1991052
135,9779991
134,0670008
92,64603503
123,6431478
108,3470686
140,5951335
135,3681114
122,8599629
102,7883984
132,9550746
120,6851031
123,9102014
135,3449313
131,6579611
111,0873136
144,3749443
125,5184625
111,3440881
134,8731899
129,0103845
113,524067
145,575655
111,7928245
118,5787662
135,8229329
142,4017432
114,5382391
123,9508352
130,0897661
126,4959895
123,356601
113,1814098
136,2674584
140,5524976
115,8684441
153,3070546
137,2344754
104,0837858
126,1374688
154,5728572
118,7120096
140,5505361
141,4316146
110,9860168
143,6204258
113,9938219
140,9222718
105,9518502
88,59514308
134,8609872
124,1944079
121,9591302
126,1832782
146,9060054
109,1943575
102,4360464
127,2595523
124,5250707
120,458075
123,7510352
135,7272619
123,8359896
138,1157703
113,7876798
114,9400071
111,9605139
118,9086759
132,1495234
120,9525678
126,0114945
132,6104422
121,8714651
126,453214
133,0384503
123,9255999
160,8327265
128,463567
118,2934424
154,9413775
144,3304383
129,5745716
134,2604914
111,975562
138,6780003
128,1944809
119,1729913
138,1196382
143,8373489
129,3755173
139,6737395
123,841449
126,8720315
140,355663
113,1099727
104,2904863
117,7072963
137,6952902
131,2627052
106,7702469
133,8420299
128,1566778
135,0340387
128,4466478
117,178003
145,0388789
123,003786
112,6325463
115,8893062
117,6467129
109,7587726
115,7763626
99,67752992
116,5493558
128,632976
126,2675772
136,0397626
119,0406597
112,8090729
146,3555758
122,1256445
125,0214728
130,2841868
125,7773148
125,9844925
122,9688042
118,003306
100,6151666
105,236117
120,762878
118,9659817
112,7938396
95,87412344
120,6929979
120,0422799
108,8211417
100,9694504
107,2285617
128,8671259
149,7162559
132,934584
105,4064
135,1959555
127,544508
132,8339606
120,5195744
151,5109704
119,516015
135,7883101
111,1601113
128,8446397
121,7964124
141,0337782
130,644798
103,2585388
135,452715
125,6336929
133,5833488
102,8984764
138,512975
130,2897296
91,81169514
137,6462622
145,0838919
119,7852753
130,2722794
115,7356769
127,4722217
126,8665168
134,4732376
133,0866613
136,2937056
124,734643
117,3055241
108,2599636
126,4815588
153,5053551
94,63180056
136,9837793
125,0641763
126,630987
119,0867724
146,1951304
127,1882141
140,1085999
102,7992844
140,7763407
103,6043816
125,2204075
119,9165992
126,1297064
140,5287659
144,1491036
130,6739709
160,6661032
121,3388671
144,267968
149,2862155
121,7730712
133,1679141
131,0955381
111,30513
122,5163725
133,1201726
108,9389188
140,2358208
131,2309635
132,1250748
105,600278
148,3034029
123,0356274
120,4346427
132,4554691
112,0051546
124,4390237
135,7899094
125,3184829
123,4745925
137,8539413
118,0345142
120,4477595
159,0564221
149,0010592
147,5567349
133,1114804
134,8098201
88,8324109
136,8969687
118,5476831
120,7799029
123,2828361
102,7358054
101,3964882
109,4105836
126,4072716
137,4739455
111,4545257
109,2647487
145,726862
114,796766
137,0435414
114,4830591
153,7023349
111,7558766
118,0169977
115,0221714
146,0319373
117,9304319
115,2858204
119,945653
116,2773066
116,8343779
145,9976966
131,2672712
130,1137068
137,0005561
133,579632
128,0326783
120,3620286
142,1217416
125,2254814
132,0092877
140,6282855
122,5936099
140,980017
147,6367165
122,7970512
117,6229586
127,1065586
134,400347
128,1579975
138,83204
112,4995831
113,4493932
125,7907866
143,1128312
131,3058071
131,1346906
122,7318968
132,7553611
122,7751993
134,5066575
131,9932921
131,5921534
119,1142725
129,3098557
98,89033336
110,7607566
134,8651082
156,4708485
146,2207024
131,1082733
130,952816
130,0707565
133,3686183
106,0069019
120,7359394
131,3251236
133,9740823
133,5641523
153,723954
123,3024777
134,3653641
118,7105929
113,0924943
104,634713
111,5561823
128,0030103
112,4570545
124,270831
124,9715566
127,3103696
123,5898784
125,7758717
132,6720684
121,3076603
135,0828316
128,1928169
144,427104
120,8197955
116,849151
116,6740564
149,9449612
122,9890904
121,8355761
145,6034511
117,1977767
133,8272158
117,1005367
127,0769724
132,7651813
125,0557009
106,7848266
116,0194842
128,5449473
133,3386818
151,9168292
141,3104597
135,1012105
128,3299954
115,3516513
120,2147684
131,0588602
154,3825329
135,3413791
147,8482388
119,5921982
134,3018414
126,9139841
132,14098
106,93203
118,8338382
147,8526952
149,5442988
119,0220853
114,9744003
134,8372702
128,0358621
132,5785952
152,436213
151,123844
138,1149526
117,1387143
126,5000399
147,6507397
119,8553274
110,6185961
127,7595087
125,7411358
125,6310593
112,7547265
121,1191415
110,9951365
120,0445419
145,1984933
134,7562287
126,110096
143,6424969
128,1211898
148,9577667
117,8113999
117,3703826
127,8416864
133,3991583
134,149944
129,5388647
130,7553997
145,4742091
144,1420075
123,3466914
131,8735563
109,6643076
114,5710692
94,9036191
109,1085425
118,5232651
153,2627924
132,0186975
130,4941639
143,2714598
138,0646104
135,9294779
135,6797206
113,6152049
134,3967091
136,0871868
132,5899387
120,9337671
122,7197317
143,9144567
123,8493315
105,7200933
133,0527754
157,7892661
148,0286202
128,6211084
121,1929939
128,4019666
133,3566991
113,7199686
126,4810799
142,8553559
133,1250452
137,6995924
120,7415598
145,4386628
128,902188
131,619975
127,6613138
113,4344001
127,9859812
99,25016413
130,096436
120,7346782
131,374741
144,4493936
126,8237711
108,9248123
128,7266868
105,5795566
102,9315231
139,2013673
129,019697
125,4373793
142,1654538
148,5850341
125,1122954
139,0013114
133,2791363
115,5120477
135,5639409
127,3675206
133,5956697
129,4103272
136,3204542
125,2606428
127,7181402
129,5602904
130,1503018
133,5596341
138,615038
125,2804396
148,3098736
111,6908765
130,5168818
135,3737258
114,240455
146,9324283
140,680166
125,5555154
141,2933459
147,2483845
123,0478793
117,7532398
135,7194364
115,8477707
132,8519447
118,6661484
114,7236766
108,4003551
139,7913242
154,5508152
106,5224933
133,0769365
124,2856812
130,8976862
116,8497674
123,8682932
106,6891198
125,2176373
121,017914
148,304712
129,1370166
128,5612319
133,775855
113,0074327
127,6229421
123,3618351
114,7469264
131,1969619
109,9487094
150,2397327
155,1781065
126,1867544
96,28656659
136,8144253
127,0178421
134,9470175
124,2747774
130,4407952
140,4747631
117,9963288
135,7138055
137,6827159
142,696678
127,4124872
124,8842436
124,6537921
120,132461
126,7360812
122,52229
113,6037574
121,3970275
153,978001
112,2531245
100,0178586
100,6208197
122,7579688
146,8409889
137,5812044
101,8528408
134,6383065
110,1465182
143,5814348
121,6775522
139,146494
114,3423551
114,2628954
108,8932997
137,722942
141,1016608
118,6733846
129,6938295
117,939124
118,3264023
135,1545676
149,4190846
126,2878399
132,3360744
138,4355195
124,8074108
129,0120109
139,5225512
120,6441006
104,4215359
126,2222932
140,2229231
99,44112061
142,2143319
142,9008899
138,829764
122,0839889
142,8062395
124,8900336
120,3284791
109,7575435
151,3932251
111,6301161
143,3802161
127,7541112
141,9966657
118,5397361
132,5392487
109,9900106
154,0347722
130,6752478
148,5414953
161,8464839
137,6171081
100,3483151
130,6765022
141,2844272
147,8948665
118,1743228
126,144731
119,5320811
117,9311422
142,6474183
112,6883053
116,7894023
138,917709
118,1288919
111,4186162
130,9667665
124,7832855
106,8177691
125,3775434
129,9192419
149,1637702
133,6019903
127,579312
119,2419203
122,7107071
126,4256862
119,2831195
105,1261311
160,0528207
136,2789441
123,2934246
143,3117323
119,7895435
126,6404348
144,7911633
122,4556152
143,2950171
144,7883956
121,9253857
143,3523654
116,3851082
143,0529308
103,7432378
133,625601
149,2832365
140,6365842
111,2982743
140,2444813
121,9048228
118,4496924
152,0742223
159,942787
148,2707247
132,3289464
112,7873461
142,3090436
111,8338622
113,0249538
110,6620927
126,5127832
132,5431092
125,3529754
149,1170483
122,378023
140,3835012
129,7226997
107,8528991
118,164031
112,589145
128,8800683
90,59198896
133,5044211
125,7268434
149,7156568
125,6153566
140,4370209
143,8117584
134,7305107
132,6415838
140,2614942
114,8439469
142,1206204
137,8083966
127,1446167
122,3516202
113,1217374
116,2154232
117,3958411
141,3769537
118,5231966
120,0311976
132,6060907
123,137176
162,9885798
98,87220433
147,7406372
132,9672522
129,1641994
128,5866024
121,2914447
125,1566896
136,8968557
122,161052
139,4218378
117,6667398
110,5370388
129,7161782
113,1661991
114,9129232
143,2476545
111,3323579
108,089597
128,8356373
128,1017457
114,5460698
138,4852078
120,4628198
145,0392441
131,6899553
103,7415896
141,3026982
132,0903236
106,2305472
144,4524027
121,1613518
127,1771443
153,5709543
129,4180987
104,3054083
115,7037412
132,0243002
118,9600922
127,8161917
134,8502054
140,4481757
123,4867496
135,9659964
131,7277004
141,6120495
134,8769978
140,4738626
143,4375601
143,5440604
121,5679395
123,578939
108,4279143
130,2971585
145,894674
141,3163451
127,9400542
127,2196017
128,600542
125,4949987
133,8443474
133,5340367
111,0191371
126,5703839
131,2056348
88,84600383
148,6626643
136,8838645
130,0027715
152,0317554
143,9953935
136,3852305
127,1700954
134,0891906
115,0510291
135,9326193
139,7370647
115,1598369
128,6817225
139,9645115
131,0769949
117,2181716
132,2819202
133,8293435
123,1328224
132,3142164
156,7186907
120,7087096
127,4984249
98,33970594
136,4097507
117,2003707
118,1473455
119,8845996
148,1498098
120,1773983
128,1892148
134,0709276
126,4804553
110,3993942
139,3734621
111,5640893
129,1500603
131,1477167
135,5712957
122,9873942
139,5631111
121,4033088
130,9246241
155,9702275
128,4224616
129,7277036
108,3195832
127,8148826
109,8568459
114,4383253
123,6250733
120,7455634
131,2884855
121,7623866
138,9738511
128,1356185
145,0259282
131,3476789
133,4430652
130,4777555
119,8885578
92,98297258
125,9200402
132,7094911
122,5379452
117,782911
124,1894495
135,884623
113,7690156
136,8210038
133,2778115
124,8259806
109,7602645
127,1544294
148,5490379
131,3273716
121,8256273
128,5845103
122,5304106
122,3413676
106,2105635
127,7364632
140,131131
149,4795938
133,0791826
115,7161914
138,0265015
88,78637189
128,9213445
117,1350485
112,4787537
133,7987649
119,3587649
123,2951297
132,969787
127,6100367
103,8782681
128,4247037
115,2974532
112,4887691
133,4722132
121,3102837
118,2080539
145,8144715
129,0999132
125,387276
141,2190034
130,368288
133,5219034
120,8056054
136,6903715
126,9939919
118,3959725
97,90099454
147,3135835
145,6343412
126,1742167
132,1776411
140,0827015
102,798463
113,6192526
126,0200875
123,3565355
131,5113677
149,0860614
105,0885549
139,0974147
110,9207725
128,578151
126,5100951
115,4598952
124,5381539
138,0660529
136,2891066
125,6124963
116,545332
115,6596842
126,2009009
120,9858101
129,4984858
114,593502
111,226534
130,3462961
114,2758548
138,0482625
115,2501713
139,2771204
131,4841731
143,242844
125,6217965
114,8660041
107,443319
136,9270949
105,2135153
139,8205233
117,7177557
133,5294889
144,1625447
117,4624521
127,3098231
133,6412904
128,7844098
132,3847126
116,29245
136,8448964
123,8857393
92,37877931
120,3515673
107,2180084
117,9684734
140,8662779
140,0755408
124,6417116
145,66669
135,2988508
133,0936543
125,4372914
142,3422782
125,4029646
148,1358746
124,7186335
129,0770622
133,0286414
140,8728084
127,1307288
113,77559
134,7254147
122,9218334
122,4382952
94,5040968
135,526821
154,9252761
120,865945
108,7438377
131,672324
152,9986007
122,8992256
119,7662941
92,43043345
134,3899433
153,5709028
115,7168165
112,9973123
125,5606047
95,60191883
107,590251
116,1056551
113,4487811
134,6982424
137,2622317
137,3085293
147,1227975
146,094906
110,4030059
114,7750781
143,435538
123,3115222
126,4503158
128,0382107
132,3878383
111,3542275
133,9952188
142,8764602
139,9667199
145,021663
138,3494953
118,1800601
134,1265148
134,5351962
108,1968742
112,0341736
134,6540087
128,8535026
118,9888462
131,395859
103,7963842
134,8593033
135,8075531
141,152102
112,961978
139,2077131
121,5536593
119,9842272
149,5025531
119,0044473
149,7918622
136,6675298
131,3238768
129,4637635
109,623647
118,5819712
134,0522011
112,4553903
128,0810995
123,7293025
137,2523784
124,9428613
129,6937066
117,8506878
136,3307288
145,3789516
145,8153361
138,9748899
143,0417672
139,0154331
103,6768332
127,9435561
125,5966134
140,974841
122,8438136
125,5478146
106,674551
141,633556
139,08774
118,9700189
105,9690091
140,0582143
125,2361597
155,4205621
125,9189382
111,1469287
128,2398818
141,3764393
107,8266934
123,5127886
142,9651916
154,9134467
127,7341697
141,6385839
114,7932451
138,9280449
132,8677486
145,0640932
124,6786367
136,2258902
127,9163762
126,7238313
132,1496139
122,3301399
130,1389784
125,856937
109,6451646
141,4692848
112,1678594
112,1226988
120,2611209
132,9383992
139,2398656
134,2935543
143,4477796
116,9790188
135,3869099
131,0397172
122,8096042
146,7073456
143,047627
110,5057634
168,94515
127,7289985
135,1254783
104,9728478
124,2064073
115,3477063
147,2610531
162,8771745
126,8803054
162,7285883
131,6950589
118,5213752
130,0480633
130,9988514
129,0846254
119,7903162
155,6866425
108,4401047
169,5753142
106,6876231
122,4909314
124,5387223
117,6447589
129,2030118
137,6517962
131,6566428
130,2298774
146,8565093
104,5489404
143,8306413
151,3446611
116,0124277
121,6252673
143,0760901
124,1648609
132,177751
124,5798088
130,9504931
159,0983187
111,8355665
130,4319985
126,204673
136,575916
133,4603335
135,8298144
109,1685001
131,9202909
120,5770094
113,7641649
122,3617258
130,4240729
130,4198059
121,162338
140,3123418
145,1670253
136,8988721
115,6744387
114,7724791
112,6855516
108,4587343
124,3441867
114,9716952
122,5653667
110,9218416
125,913708
149,3241198
128,5119007
144,1449527
124,6865185
111,6645752
150,1066369
139,555876
78,317948
140,9550178
129,3364636
120,4767696
144,8164053
120,6966659
144,2784631
119,0676235
116,1934561
110,6027326
121,1950198
128,4569568
140,1944579
127,2639769
115,7803746
126,708332
138,216002
133,2943035
130,5154698
113,1689907
134,1740742
135,4138397
143,1637702
127,0734318
110,6572411
134,623699
123,4951024
132,8041568
122,5843839
142,6084963
130,0855682
116,2616772
129,3688787
126,976549
125,142518
156,803402
114,3495164
137,9083537
105,8341231
120,6775427
129,165859
117,7189506
130,3072475
147,2516027
133,0366508
130,6669913
129,0063391
118,5210463
125,4996987
124,2607122
142,6677091
129,0881543
103,4935136
131,9131084
128,6116997
116,4422162
132,1842464
128,629053
124,1097689
146,2021005
125,7272196
128,3184349
124,8711517
111,9371755
124,4821979
145,0435488
130,1785001
118,2499762
113,0679502
117,5724464
136,2174955
133,5300836
145,5045075
130,0695124
121,9407007
121,7824614
133,9723131
129,4538888
119,8384928
