105,6996690345407
105,7864075947088
105,78714060658191
105,60493458703739
106,58692284194768
105,73814751458968
106,1737830894871
105,84414360709471
106,03077925714935
105,94612836080495
105,7607036061427
105,85815289881678
105,74907032444276
105,8539059912565
106,02904859938882
106,00643716445957
105,76669102301135
106,0456279647163
105,39216165721345
106,12470197505785
105,9366894233783
106,01127436204155
106,53878870235305
106,194109573691
105,13669253767732
105,93973510849378
105,34959945514763
105,7786850961667
105,61820076803923
105,19483519088529
105,6616724710638
105,71499072951583
105,6391006906852
105,72805452845618
105,53140846526294
105,6724402763201
105,69930611074072
105,15631713575252
106,20307302980885
105,6331169998177
105,6830384450376
105,74238790545726
105,64886999895045
106,01913492917555
105,38455280078547
105,64000681247231
106,02928202669051
105,95113036853216
106,73987633950884
105,91870238841571
106,24935543832908
106,12409888289758
105,38469262238351
106,10215612740812
106,00370568153103
105,9808109818263
105,64993339745365
105,73191864869432
105,42057806657986
106,22330844076748
106,1350076997885
105,41293880017801
106,24540486407193
105,3131545704229
105,60854486120604
105,98088171837112
105,58849560780409
106,28272506678582
105,64668252038197
105,87948286159879
105,92524035874872
105,97422032226481
105,5963696509148
106,37214151968001
105,70979305749454
105,28890898335732
105,84744459787969
105,759868053169
105,916058977206
106,22870354076646
105,31780751314608
105,67376969730171
105,64530995462094
105,83508451114754
105,84023274705902
105,95394963617792
105,7717238619365
105,46176780627303
105,79995173969319
106,11132433355993
107,14769078362818
105,80161423308886
105,81269688599946
106,08493450888147
106,23105338005648
106,0462904058936
105,89233002205313
105,72654945874433
105,79699291907852
105,69540358543321
106,37511788761074
106,11198394403837
105,9287171800509
105,8790665270316
106,61406741747777
105,83263353575413
105,71686721836011
105,96193926977364
106,04097932593035
105,67665681872495
106,17277209293235
105,27648496383426
105,92500239418011
105,57527814871419
106,01197513646409
106,03997741973927
106,05016983246381
106,44780448692336
106,19000564174502
105,77272342164997
106,08993957334602
105,58709990869919
105,96175971123445
105,61056902811282
105,43099119087324
105,9341364669835
105,53479971251392
105,63553253391943
105,71247464611639
106,3879807407248
105,7653648929966
105,95334238181815
105,6185663939307
105,88434667216828
105,3078757985999
106,36303250725547
106,13996370143111
105,64672204371105
105,78579348600047
105,98190944989693
106,13524504480202
105,53056957603361
105,91519009760776
105,68923204041027
105,8424868132349
106,11624907615538
106,79850284485377
105,95681366850155
105,71519784707968
105,70956275968696
105,93613076388274
105,92629638601326
105,9604413661821
105,7064878879766
105,71567063892547
105,78088297735933
105,46243658662858
105,29329011341233
105,67390303996913
105,94247150347432
105,88573000788303
105,65122410949981
105,67582444578893
105,9354728740706
105,7064834516165
105,67784235350084
105,49517350369767
105,57666303638197
106,18570505032696
106,18363986661645
106,8657312061646
106,62698954458618
105,98175629158716
105,76534055526533
105,51563646947288
105,70336777990522
105,37224827555909
105,66360671746983
105,60998522313464
105,91190985943268
106,03552553608442
105,52413062577342
105,95889588295468
105,76933591916013
105,7225271450549
106,56053380793715
105,76428424893413
105,98474911503831
105,44154729881039
105,54817565640488
105,56314029706948
105,91104259440624
105,70272674618708
105,82337315774642
106,03924629024587
105,70529420300608
106,11097803252338
105,69650609568585
106,36768089882126
106,20458247903547
105,7310533431295
105,68815891238444
105,60063145600621
105,42428592374695
106,10773856522641
105,789128235198
106,11772816757747
105,86671738493204
105,80452605644646
105,85482644394394
105,89694049832372
105,61770521344064
106,17566732319618
106,46939828609024
105,49337861631604
105,63330817010282
106,04110429591638
106,20012192703794
105,93952447964526
106,21999526387562
105,8891235304952
105,29072726647068
105,98856623955463
106,13210900718009
105,46271977994222
105,80870491728834
105,67964762954642
105,79641598817464
105,67107306570904
106,08471060131583
106,27232728816324
106,03285856884317
105,77917957041196
105,94516829309971
105,72444149492941
105,68641206791914
105,16018427289039
106,47815511300324
106,25110278696512
105,88223174781393
106,01705887098228
105,60684715369314
105,6850617875027
105,4875645012848
105,85685161924508
105,86486912923115
106,27060107143893
105,92956305578032
106,09526115974913
105,8950637267967
105,52448084284565
105,90560651338164
106,4302392357217
105,53944471013526
105,43935419513134
105,99841745924608
105,7210741339142
105,33720161538659
105,92075314294479
105,73519020177316
106,18161585004813
106,2060582064444
105,75619659719442
105,61611373244148
105,53034680901115
105,75683523802162
106,41557896206298
106,11110135732135
106,14542562019365
105,28775446608472
106,16820504874853
106,10132782219728
105,49879981232664
105,95013736767898
106,03172794158634
105,74000272489148
105,83990792999798
105,69373313656759
105,61289336139139
106,01720922390784
105,9392156964785
106,22752099896556
105,75550499203504
107,03819097937146
106,12757182871105
105,6778893065405
105,54098028628299
106,75453797809807
105,6546632252291
105,98707186540642
105,87274541249897
105,9429336040143
105,71236326072594
105,71679820241937
105,61512107139025
105,98569453815881
106,31638642536791
105,91632122385053
105,77967630839098
105,48755066590111
105,63749156397691
106,03613497085253
106,32593027780129
105,70042581940896
105,94999106195695
105,58147094447827
105,49026967310058
105,47729946838267
105,38751216354595
106,219916425867
105,29098148579868
105,68610897302221
105,94544834055584
105,61031626928359
105,90961003037752
105,74510025978209
105,85840920914903
106,2679589229484
105,86649192714181
105,50745377051919
105,65132369580685
106,54101894813327
105,64610191819983
106,18002048260145
106,08310456428691
106,29984907182099
105,84216708802866
105,96411561343196
105,70278665449867
105,80186022978818
105,91848175234057
106,25289266505139
105,79243706970165
106,30457044700104
106,06926044007736
105,92204162811616
105,64367789305737
105,75431533398623
105,64951164621385
106,03171297166388
106,00320210225668
105,8061218547299
105,7481012252971
106,30709672184102
105,56200912264218
105,57611591860208
105,91905410046768
107,11062086705064
105,64173426734939
105,96186867211023
106,32921390076447
105,54353310483847
105,93436996096936
105,44928116472715
105,79631916397807
105,40276140198867
105,76467552148101
106,04213002888622
105,19660011356079
106,25126215750282
105,95712988480597
106,2407786945906
106,19066133581046
105,78952364977862
106,14590808236748
105,49789254996153
105,83198174945396
106,36204508319256
106,02224512496808
105,61369852838826
105,76718806404257
107,20326146923068
105,72840795664052
105,53235562299166
105,43157303103342
105,57233806067703
105,83852378979735
105,33755916855462
105,64094695462953
105,77134569506151
105,99157364840649
106,12907432353062
105,56676275198744
105,59015948070552
105,58446649831744
106,09269095660854
106,29276912298894
105,78706599736365
105,53564626599459
105,94995978713008
105,47119607712628
106,03075261500433
105,96360946737626
105,68850214075877
105,77391952990868
105,47403235176104
105,90658846829488
106,18419795428963
105,87229234261542
106,42688144417176
105,55281186895846
106,13311558477143
105,98496910450787
105,71661924786999
105,6870407314679
105,66633945926253
105,77432095595726
106,91883567731976
106,06327262159594
105,90283318152552
105,63484614880926
105,42711058251373
105,60309307016931
105,69204025465235
105,85341074698985
106,01758742203019
105,70578112036492
105,65328752872384
105,57965505032476
105,4370707131584
106,64122117672518
105,74574992607728
105,88154997230227
105,66667677964371
105,93914680848042
105,98297106640976
106,35245715948294
105,637770435239
105,6411256849997
105,67930329843638
105,37920987238039
105,5289347856962
106,25594164339913
105,40489108139381
106,16805565657955
106,3908960933295
105,76139993938702
105,73034891127678
105,82878060916802
105,9377640728645
105,85267742220172
105,72916411838497
105,88937456527151
106,39470607275936
105,900661800959
105,71770714616956
106,036253553356
105,98386662775405
105,4704135821512
105,40402985009317
106,08633487690798
106,50779827256473
106,14453824195746
106,06196942058111
105,76781777577226
106,22536958866017
106,30858880714493
106,27607209515733
106,0017858112495
106,14246751035905
105,73469073037096
105,94112406867279
105,4491799277182
107,00813190973864
105,54590187844948
105,52883727743492
106,13949551850652
105,76187733427741
105,55120357437951
105,93515948106342
106,11866884416864
105,73530337147102
105,87689860350409
106,32071273666992
105,80359020064327
105,62196938465745
105,72891247543615
105,74881282217882
105,95977861867787
105,65234731145885
106,12356186382009
105,67512367530054
105,99523242993169
105,38591061105474
105,63966332495835
105,98518496256018
105,84736324929438
105,49095934403428
105,90593485091699
105,54776218574057
105,80216651396887
105,88793510326187
106,1507020263092
106,13819873152983
106,20430762258037
105,73088654059957
105,21353994424695
105,49417474681617
105,46863269786131
106,00343152751056
105,89757087670898
105,92370891230456
105,63891723995238
105,32921902087499
105,82773052761883
106,36097137416267
106,04699750420139
105,65805637095437
106,06278327448653
105,85283936126184
105,86467721646102
106,08348910376426
105,96908599729316
105,81270996083455
106,52998996679335
105,6228923741796
105,37007918552385
105,40353031606652
105,47082572241293
105,04428768900554
105,98097486270586
106,50151289651308
105,79807093341854
105,93088363750346
106,1423090723729
105,91535950809099
105,79813755719043
105,96529232615198
105,5540602464771
106,04251407750769
106,32214413831444
106,3276346415553
105,77754359715018
105,9581007345957
105,89940001984858
105,5143674510877
105,7186632766898
105,36752377994117
105,35237728077975
105,83386144954387
105,8298069332042
106,06064690613998
106,29582753312746
105,84174947705579
105,55072615201611
106,73164346160516
105,95812673193382
105,85917023037693
105,81654185473451
106,60180142737674
105,74060009429131
106,54365402084422
105,86732004460966
106,05321209674621
105,81974801355281
106,06577119230958
105,60140488284854
106,05564210359516
105,66651424785476
105,93628513524484
105,90011390286082
105,54433556052513
105,48356587917348
105,60928798469467
105,48069044135836
106,2048099638924
106,51243929167852
106,39170645825442
106,12013353291519
105,71169503613605
106,0084917983469
105,82589023857346
105,82394281744422
105,50121385982438
106,00993107684508
105,96785806179525
106,5068143298956
106,11881904586868
105,83971649105409
105,69842069055773
105,40038587640043
105,28235396788855
105,81053090416226
106,00270398475782
106,00916717723564
106,03266134763234
106,1894590012516
106,2605123228149
106,12196128004432
105,82609481529609
105,37247007932946
105,77666470477332
105,97018841220323
105,89333335759713
105,55789132453312
106,03126889192124
105,61822204944424
105,50313700204823
105,8377790192531
105,83210016763707
106,00077159766383
106,34840388713788
106,31969275176422
106,07004844938724
105,53089834119334
105,88940034540988
106,53353621399707
105,40460819099728
105,62675296261814
105,58967082601394
105,5071999866452
105,44777766170537
106,2244010735049
105,84530284666721
105,58792074773446
105,67018424741134
105,95754165029398
105,6801687384471
106,00508249582185
105,54998867013792
105,58198288694966
105,9615277653689
105,84868543427494
105,80520463570997
105,70121443092627
105,76889440929713
106,26322120995748
106,07357561936865
106,04713261935237
106,04282028527174
106,57373109020848
105,5399966364869
105,37151566595146
105,82660847893575
105,4952744630483
105,69562826556879
106,24644030847419
105,7238327882056
106,35690015202582
106,05445226612719
106,18136861762291
106,06638398888856
105,89207899949633
105,6379977715874
105,67271561391959
105,69710988073875
105,96201560420228
106,03131567311469
105,5903821766332
105,92411422658513
105,67067338567816
105,56209293449882
106,13768207443698
105,87744443147061
106,40547722953862
105,66113880900205
105,97779885152252
105,51306770565698
105,53431531115817
105,70973558914578
106,25603963240539
105,79554080694346
105,78989629734892
105,40652281129786
105,6866029322864
105,4632326299667
105,81751290861806
105,54838694600832
105,54552669260949
105,72402143563784
105,69154367504916
106,23827529502233
105,92250345398801
105,16275971503777
105,69114180271798
105,94013402629137
105,83550522972475
106,07046014193537
105,78526000013214
105,80132333780455
105,7276432361815
105,63384270326594
105,50973556085076
105,79167934144411
105,97014170630044
105,8581140219787
105,7431792290737
105,50808906155787
105,97366289887896
106,07775840190675
105,66893644644291
105,78324986405767
105,39931424631408
105,81743013472335
105,60973610956525
105,88224198529879
105,97084270566636
105,72517212158058
106,11404416001884
105,64653673848723
105,94338325079778
105,75983645484519
105,91592911526428
106,11946227073457
105,65989723696359
105,93413344009498
105,73161616809674
106,096735542627
105,82635460893425
105,71541370293802
105,77872669247101
105,5893227557343
106,00218896584573
105,89442761080512
105,59070207166017
105,69632501998476
105,54325262485209
105,54140836015775
105,87581237102513
105,7267065745011
106,07375741074863
105,80102734651692
105,20118231521134
105,5898941529852
106,10069486566525
106,33974103938654
105,71274945361324
106,07774390077687
105,55591758070663
105,45847106533468
105,90437175104438
106,06278258178212
105,39655957015565
106,08042309319022
105,96682350516478
105,36355384800386
105,81340251120297
105,58955324900181
105,67784795720544
105,80485592095684
105,48687082539129
106,46292933614683
105,9068851622589
105,59310227852019
106,00984851371896
105,3151998447054
105,98587705856605
105,96820587857528
105,5077656475676
105,84455781920282
106,05696594947233
105,44252915122917
105,9707116050486
105,98321824699995
106,0383287600086
106,27071189018096
106,20031816993585
105,56531835897334
105,85524521878679
105,48945102471376
105,78770987491198
106,18026844521542
105,61532108675193
105,72879671213717
105,7456596111112
105,92961844807311
106,2669980954181
105,58165257057007
105,86667937773984
105,7385515855806
105,25252853755066
106,0284108463864
105,7289956997133
105,78565017137895
106,44956338160412
106,07740399385338
106,17444558415926
105,4534333225864
105,85563845538206
105,63729552332154
105,78060946820867
105,68498162155913
106,13375916278996
105,907594176893
106,12728070042006
105,66820423431267
105,28644739473874
105,76161998850719
105,71917594641462
105,9664278316659
105,80032487059236
106,41970238599964
105,73372250523623
105,50875782327671
105,93569987998278
105,69589176112393
105,7518396458783
105,89895043042442
105,90166638649434
106,23515921146772
105,78093395171248
105,70378679980635
105,87570806220307
105,86612169497533
105,24131499848517
106,01054858679618
106,01716158686824
105,37634567788608
106,10928381155315
106,04314877405382
106,35920781286231
106,33053146478949
105,53347935407838
105,57830416149918
105,58419187361898
105,25914585619229
105,55524468418214
106,15255443956646
106,18189232092043
105,92574154789199
106,01788894827611
105,6103798878253
105,50367421301597
106,22878044079307
106,081853532036
105,67560788765493
106,30973576037526
105,37416141541424
106,36635146191571
105,58996861334572
105,428375681481
105,82726053686974
106,01725488563007
105,67529519988804
105,66144307714703
105,27581564995539
105,57844585073164
105,92262639024159
106,1104101233091
106,03546130282729
105,78100908829234
106,30299117172305
106,01663749509441
105,57470611574254
105,73893085323296
106,17002827073267
105,82937941301174
106,16889687526354
105,62800461917769
105,72769471362149
106,58374300672796
105,67335441166887
105,48688048213494
106,25071775658336
105,57055359267252
106,14905890909728
105,87363366420897
106,19985241911384
105,67295935028868
105,41040271746422
105,97934033099062
106,38111565255379
106,0600585432051
106,50971249623635
105,6201589277523
106,00049237685084
105,62818194698549
105,38647908768654
105,5953383945058
105,37101651725756
105,31298558657903
105,70733213096794
105,28191996046569
106,06924414569743
106,08055903457026
105,68731481733376
105,6754136994645
105,74773252309927
105,92052718505587
106,08997104003099
105,92340535078208
105,63985319616643
105,97616372407549
105,94350655133707
105,95708336112662
106,11031700151115
105,48890561210922
106,15819575787258
105,73043721218113
106,32381848247023
105,41852879804554
105,56941987145123
105,96752835265649
106,16735613273222
106,11330126681574
105,82083366498783
105,96251339150993
105,99780922543052
105,58368653863606
105,51400916895189
105,7411842216309
105,87722634443097
105,77231063200435
106,05602074791989
106,61685384220318
105,82467627937389
106,12588401692267
106,03213227560485
105,97559966560746
105,36578077001947
106,69578059302516
105,93047124853571
105,922916271948
105,78788302932855
105,9909454137169
105,44346215953101
105,56359700047437
106,66997598321025
106,35191533154101
106,13785430398416
105,73044283114871
106,09354821575948
105,58116920046632
105,698897872309
105,90953510826243
105,83936062823494
106,03259678597597
106,15716948514208
105,94576339532085
106,61062317940221
106,22805258429716
105,96008747058707
105,95043437894684
105,95240008865159
105,68574102157623
106,2431057790679
105,81255986251767
105,83944476739701
106,51378319670916
105,47664142387988
106,30331669209464
106,31524090485217
105,69706294130471
106,15472741878676
106,20626256947783
105,77753632777899
106,00646257438717
106,08842976807738
105,84058618989843
105,7587234129728
105,86516466858936
105,7803821519216
106,07721485257862
105,28335193549786
105,53579971535979
106,36591353273147
105,82881779791268
105,70106753783396
105,90260451435427
105,69779018023064
106,00996212482258
105,88650195398947
106,04548824488488
105,56621778706607
105,29107308986352
105,50441746006592
105,64475076792692
105,78930392760722
105,69436215076324
106,18525070834013
105,99176753394255
105,82575392805666
106,30527193843143
106,530506078717
106,48033352385826
105,81810222993624
105,50923278943961
105,57011540037014
105,5374175698501
106,05946171304352
105,57280976804375
106,24608691591473
106,0168409129815
105,40003307829417
106,59889470769
105,63234584452522
105,67160305188615
106,23524392008423
106,10803221014172
105,80600645160872
105,8184257260144
105,58272884479285
105,7017327797074
106,35465557463299
106,11050764850432
105,98735427329126
105,67757037178707
106,5479475119568
105,59204232297813
105,62562133848591
106,01175363952709
105,90675601573525
105,60789555845695
106,28456976877798
105,92970441269924
105,8761850355678
106,15702031199997
105,83710368028602
105,3465147818233
105,65534070347543
105,63474406180812
106,09324754977965
106,01151073251037
105,6593060167816
106,11863429913971
105,87451041081391
105,72057866156709
105,79677337280506
106,69704355385011
106,28865456730372
105,99638296319739
105,43563478542416
105,92949491865224
105,53789177533831
105,68785298140342
105,75475115940071
105,42258060997854
106,15189397635818
105,31512077217876
105,60021868771474
105,89288407766664
105,6815092384859
105,64874761062653
105,93065056650974
105,848881180322
105,92906753117644
105,3969643738811
105,83323754017763
105,6098248627004
105,50591393357563
106,04667103647023
106,07589372774241
106,26466898432622
105,70045713720924
105,41228452926043
105,45377674845395
106,13174633392254
105,98854356992723
105,50380301839962
106,01380838188935
105,9682743183
106,04296291368188
106,49558324400674
105,30125811417795
105,98944239635169
106,16549979103353
105,55698494049281
105,41100331499653
106,22130637325591
105,65510577027139
106,40886061577058
105,30335624064912
105,54674399207683
105,852626213179
105,80713805693064
105,56952469271077
105,5685667419729
105,51615358375172
105,62300970514553
106,02852918510789
106,12746408409764
105,61218463701906
105,23334836419319
106,05257928282101
105,35445623776586
105,7604697340058
105,62394623673464
106,23701717467003
105,4728580262106
106,1233035874032
106,65926727050542
105,38783162618662
105,93430424816394
105,78025024016765
105,65044333135201
105,9519849339428
105,49916648500755
105,97707428683763
105,71149471539127
105,80411803944874
105,78904512077379
105,72263830558799
105,62441419899626
105,51702906919846
105,63406470627798
105,90068685403911
105,70150822485043
105,66303844175422
105,84321686378163
106,14521706300629
105,73144883527137
105,81556287298399
106,03056000139016
105,94478223647805
105,56192184654016
105,93934629469943
106,28715380322848
106,74622425464473
105,99824372583474
105,78305692015789
105,99680150188577
105,54271593966604
105,7408616906286
105,90749857215387
105,66538436638959
105,32213770670482
105,9126620861492
106,16394300329546
106,5212853068288
106,56491122121041
105,8622901629508
105,31582625324323
105,86221024985863
106,28598632085293
106,00295404155564
105,84530900494273
105,83001707948628
105,7105751528731
105,94996036672637
105,93714290450266
106,0144627951687
106,1730132018944
105,8372372126045
105,90293171703638
106,05956402800933
105,9728112049409
105,98334950692713
105,92501294117753
106,09693813118719
105,75021729065432
105,8671511885937
106,16324240729294
106,28637991935102
105,40883256374066
105,87336914079587
106,1343193830941
106,5113612079566
105,95042469928534
105,8320039004119
105,88767432714012
106,2647055503198
106,02028301366792
106,13835319566903
106,2441084013468
106,09039551722893
105,70650610293754
105,70531021742872
105,65241848323441
105,55141092130823
106,05074797447092
105,66764900423897
106,19765326978546
105,62827035953454
106,04794808353999
106,04457706997114
105,54021039625346
106,05355007978686
106,00173540095953
105,86864518363915
106,0543484268038
106,2456765326542
105,57410403791943
105,42558749039219
105,47475388557552
105,53249679210631
105,72422214263055
105,53044624222125
105,99633322495436
105,4942088139067
105,76146407703219
106,30954011173297
105,91320874570509
105,60486993359942
106,10655692176728
105,56336383155273
105,75811005980249
105,94944084748332
105,68476920566627
105,7743132095595
105,53049439358865
106,21585342522908
106,25538579814926
106,83423909517933
105,64329898097778
106,22414505438745
105,87489824422333
105,69314188299425
106,09089887590018
105,65692870558959
105,84512744915132
105,87238673834965
105,78859775552888
105,5351493143867
106,1010246290873
105,80332602122418
106,28442318660532
106,12803425937236
105,70537224833397
105,72326343204719
105,88876137594102
106,0880063733049
105,8704723858976
105,96872887740224
105,71611352231231
106,22227001949594
105,7567643372765
105,32002094928662
106,08260797441301
106,07594549859499
106,05181764097176
105,53717384646909
106,1756269810698
105,48074359957937
106,29673441779993
106,18471611917667
106,08260440046668
106,09135823544429
106,4658735868113
106,17558673731654
105,6787675669872
105,87247631792945
105,83442416740753
106,05316829356235
105,45220714846495
105,41463314149453
106,36219789571118
106,36502100979399
106,05183782373696
105,95730741200488
106,73303632070073
106,14272035846798
105,44259841855816
106,37883304819059
105,39197146777714
105,65931593735922
105,7591327181767
105,88091064364494
106,54841189685489
105,85650689882677
105,79095796554397
105,74623532467879
106,00966728002757
105,78003945337063
105,96568852911223
105,60044510828914
106,08642941286662
105,88876372693463
106,1551780085823
106,06755305689516
105,80251856239622
106,29384943280763
106,48766283169451
105,74327261790786
105,98195545066241
105,51022338440079
105,31300316340383
105,5739386702955
105,9764519273607
105,59155402444793
105,74488146601175
105,38692569610495
105,99551749759613
106,2186642827034
105,79242660264131
105,62458358251239
105,97811490802447
105,7740412961618
105,54318250703444
105,76830093734655
106,42523349829649
105,7281978678022
105,63306494984563
105,72511584794674
105,70144015473753
106,28519569318634
105,64821169940299
106,29913919832295
106,75509844585966
106,26375113002956
105,89964583792889
106,2327953770034
105,91842686388023
105,6983317154431
105,66787940250663
105,86687370395268
105,95827145054689
105,81929418493337
106,46901876531402
106,33822159317387
105,34211031641443
106,38527489739339
106,06732013919658
105,22440832585254
106,12477401055463
105,62825671381194
106,06919142262296
105,68364864372913
105,43215490020359
105,48363665151254
106,27757895795622
106,0022811286292
105,43390485102482
105,65892871830073
106,5490395113288
105,48614500309819
105,87028765967216
105,45634148434698
105,51240130274611
105,54494462712483
105,60605785007645
106,04486148983979
105,57969200787392
105,71284543027741
105,56729248622622
105,68784126730478
106,31809739269106
105,77295992188252
105,6481097167072
106,61526145982333
106,08619509021962
105,69381353541382
105,74753281202027
106,58011283565274
105,98039330661524
105,50077999890237
105,57988655017853
105,74575208101172
106,39862356064984
105,30555470884086
106,58231866775691
105,69875924827302
105,65278329895204
106,0802441448061
106,5674627918547
105,51435031398327
105,90991287824022
105,97314217328255
105,59892269075968
106,02940658507602
106,45129255506623
105,5269028542745
105,90894792010616
105,68875962715232
106,36864679852421
105,47023636909424
106,25615282592118
106,16185340712259
105,89956559582733
106,18492551999587
105,30244149372042
105,84808160762073
105,31074753557986
105,73849886031874
105,36359776696523
105,93557172996042
105,69190191294842
105,70621428938432
105,86241983364076
106,17553304437351
106,03488957688411
105,93321267406495
105,89740215214317
105,65252289276091
105,73767893295462
105,87133954877164
106,58031322715595
105,42912297420783
105,65786767749739
105,81987246031387
105,74679845388094
105,96362023191028
105,98217286406536
105,85326627602
105,5613027662651
105,97585034558716
105,8290957377576
105,77118312389462
105,66464360967484
106,21138486187247
105,85455654543514
106,11147715068336
105,97131273278222
105,5479787100241
105,72767908798663
106,29073074105989
105,75842688494869
105,43025096588238
105,91071243662678
106,25109289655003
105,66540246246196
105,67513569556539
105,57036869356746
105,70498683738934
105,75045282104817
105,95558094613264
105,99144858179457
106,4037291800498
106,49859661765588
105,45593218052454
105,5129133475456
105,74179042929792
105,9268984542253
105,5382992971311
105,68096776074232
106,4825608653507
105,72825068088193
105,45348521549845
105,8808446459594
105,84477408561997
105,85652707909064
105,90468562509379
106,04804063614114
105,57318803188362
105,8548579373932
105,67318023378422
105,1419597111923
105,49401016116545
105,92310310392764
106,20748554211323
106,06139756812483
105,86631477210726
105,54112184426621
105,62859805805695
105,740540730108
106,45014701451025
105,29158417087854
105,6529625277347
105,45831725522743
105,58801484773089
105,82763867086699
106,32287189334167
105,47923519751863
106,15621107661815
105,75466845337164
106,06780908822837
105,66969412882858
105,95417934533684
105,3130855596325
105,72866963115261
105,95667960387503
105,62203820925873
105,56099317010396
106,03577717244211
105,29747004036881
105,77455393262508
105,64419633913973
105,39794409812191
105,61108188606667
105,88834972146933
105,42733895981597
105,64302371856674
105,59370752885397
105,44066170550066
105,98815536738502
105,8597588003546
105,662258710629
106,07118260518885
105,69196855290234
105,74053892433757
106,42346831629334
106,18230185583772
105,77175272976066
105,82435664484439
105,7823397753537
105,78997301229582
106,22180027119468
105,54975079476361
106,50067835328355
105,52984798064558
105,83003803041198
106,06670911049962
106,01533959976497
105,76056649397059
106,27897100167168
105,77140082457677
105,98445976562573
106,36286862383153
105,95479148293938
105,85307502151157
105,6665242425686
105,70706084949055
105,31358773088726
106,45489208503685
105,74537361972246
106,03157858749137
105,75372010894571
105,56267217478585
106,50556221738341
105,92025354537837
106,32855314582251
106,48865780904671
106,22916944285116
106,07419555156851
105,84903707613206
105,71501780971751
105,87738840077493
105,48478189828279
105,76280496735559
105,20953636855855
105,96340622080677
105,53488739456536
106,25206780907925
105,74195502946203
105,94413605256473
105,82870154189715
106,85016364025041
105,83920158984075
105,66103016305296
106,20602975235407
106,70800367824786
106,11170613366646
106,27277980276085
105,70285953806756
106,10700218865733
105,24146032309636
105,91398700652236
105,72983735333554
105,80834266254465
105,41554117171313
106,0854840443038
105,25635229766145
105,44912700502519
105,53562499518443
105,7737424895604
105,67092556836691
105,53272494885961
105,89873083882887
106,09143116970108
105,4744865254274
105,56993730169856
105,68869765812495
105,48343099506982
106,14660822732138
105,87720637850606
105,4608013381146
107,42596798593038
105,64565616408079
105,7706827744072
105,8505536055014
106,1606610997261
105,71549198106302
105,65045751370297
105,74610605077572
105,59372588437886
106,08621404707172
105,97051520958627
106,09311364973894
105,58907470671531
105,85513012999934
105,62482111289611
106,35853615701049
106,22449923107557
106,0475404556836
106,09394936045204
105,67103107550277
105,275436837724
105,7648778781022
106,33718193184728
105,69878507652813
105,54194384379667
105,70158100288363
105,37536800794928
106,07208925017022
106,05456504455948
106,10231139470147
106,26069145550078
105,88209773002056
105,66686845025613
106,29219573861644
105,78414009973811
105,55191805836549
105,68039367457543
105,78094458993273
105,3279635979627
106,1466137818752
105,93912043573746
106,5133556848021
106,23114842280408
105,85583169026017
106,39411261803585
105,91231048894969
105,8366503610266
106,1293294422312
105,69441897036496
106,19640937003969
106,11342327727473
105,56402113830673
105,52151412878518
106,0695190907095
105,84166378626733
106,40860730348797
105,95596410529474
106,01373650840976
105,4154333040386
105,89190534992287
105,55497341462336
105,73697812180906
105,84602863514306
106,33709529184942
105,83339428703879
105,7923565509707
105,62343892023533
106,14449179066068
105,90709140255888
105,61719693856416
105,50089527633514
105,52837292465115
105,32787408989596
105,70259304117958
105,61906834326116
106,17176363928561
105,9136373821521
105,93152126880236
106,18554343339838
105,37951112968834
105,72297110601964
106,1206835447829
105,77304840405505
106,2723154483884
106,1327342420714
105,47797854074464
106,77137489212004
106,42559429411052
106,42354957668532
105,7585529641763
106,08093001115222
105,67468509394263
105,84671774796496
106,07650055701362
105,64569020627695
106,02079970168337
105,4466890726039
105,74530596101239
105,70999070113646
105,74300887358278
106,29352089878032
105,11545562616821
105,965353839491
105,68427833537882
105,7518174718839
106,07613878711777
106,10303822563392
105,40793885721865
106,03180084008795
106,13197008016253
105,47488460750739
105,65568947268963
105,52765651553099
106,03205715161093
105,76584333489708
105,84129102651876
106,24286438886963
105,89830476325423
105,7248072374375
105,93251532976551
105,96413991985459
106,0917060895661
105,80216521905423
106,17368169742281
106,01300434558365
105,78426641314263
106,23947527888035
105,69061999776869
105,6933311268619
105,99166331554584
106,1181943703872
106,04658457130279
105,95946611598943
105,96956368136853
105,26820080933456
106,45497670946553
105,86920114781685
106,59657385800918
106,28500492735107
105,40120404933509
105,64385602525546
105,95717446157272
106,1401773743177
105,65585639116762
105,95634784556302
105,10923103419081
106,15017512079429
105,40434349923278
106,09175053313223
105,70616383493511
106,28521798895858
105,72861463261857
105,52279522507708
105,7459717027378
105,85490550562398
105,46886783366729
106,2622628243941
105,46405877289652
106,34666212814606
105,86133070275454
106,08293497022433
105,66473681542323
105,77526130526832
106,15179315095868
106,094640612398
105,92964672497042
105,56044734026682
106,12186188797068
106,01449581553196
105,80911713664753
106,66691259071759
105,93396972831815
105,96774521489073
105,27006368195657
106,13461208216756
106,30216282513243
105,90448196205149
105,8847635770398
106,30605855272773
106,06685113842597
105,54271509165204
105,9177199887181
105,8226480011503
106,23440673954771
105,8753943226387
105,58215530044006
105,5586013829397
105,83600945217363
106,24737722596218
105,83949916723068
106,24082498387642
105,95110012114718
105,49407626469771
105,80906337509845
105,54910557821387
106,04309963282766
105,20918228653886
106,44747135631415
105,79869887663224
106,29073345141818
105,94914452387482
106,30867308094939
105,80960088681032
106,44513804526551
105,8856656720492
105,9313899434597
105,66501521043605
105,85009970077057
105,71612257470072
105,85887727359268
106,13442732577124
105,74570617025911
106,22266901130192
105,64886151580318
107,14359129666342
105,66701814553356
105,30133499234397
106,27112886984048
106,50168650656124
106,04597459146919
106,06308882457607
105,4893745791357
106,05765189789524
106,39253459586861
106,0503524827324
106,00687213450088
106,23035212201336
105,78744113947236
105,36373947033182
105,74515673838458
105,34011951469293
106,17091585620774
106,45072637986956
105,79217032250185
105,63839426716622
105,83524996095831
105,78043067291213
106,3371763766166
105,60092531253474
105,85768514386548
105,82654500214508
105,38027161895339
105,64942035789453
106,06623513256633
105,97619929964397
105,83335760275081
105,43721042041537
105,92391265621916
106,50513180223402
105,57647404813056
105,74217270382134
106,01535384865903
105,00331487425913
105,44623948153856
106,11130076316554
105,82119591863604
106,12290216356274
106,11090562461692
105,84124227105276
105,33584199572273
105,84176339108345
106,24078426566646
105,89877322358929
106,02332522969607
105,77850647244524
105,59870513220501
105,3049089464041
105,71549045431594
105,88242357112179
106,03931267506904
106,07809057418467
105,70957444585575
105,86047254461168
105,92158838567934
105,85020592173554
105,65540680627244
106,06138585063513
105,90886719016771
105,87755142428999
105,94981312069913
105,60569312039223
106,33179253995542
106,09233238688732
105,31992979475145
105,91771485897519
105,85539129325181
105,8643839096843
105,08948769331607
106,3801600290964
105,78211090055137
106,08270582663992
106,05082679398092
105,31493532684597
105,71889978129616
105,66161282479125
105,89183348991375
105,79268395244496
105,81887929901188
106,58280570387132
105,80922141091227
105,56561246581863
105,67788879210562
105,51421042706092
105,97806215083023
105,50087398509419
105,89643570881452
105,78783709458634
105,88514263608413
106,45732492619342
105,75721547814824
105,34190204291339
105,53500379598529
106,21245396967724
105,61928721471816
105,58231298616651
105,80783521824847
106,38810347516115
105,8402961083058
105,58869878603505
106,28424668616839
105,87270588655615
106,02345128326594
106,35848412470547
105,77528310363434
105,95357730433577
105,94955220316807
105,71953765104823
106,78426046507528
105,35126765036276
106,06392989121163
105,94374673617725
105,83223596619055
105,55739643326571
105,95771919200051
105,81337692612719
105,69263194523626
105,4488068337639
106,30912669411573
106,10984472857378
106,25589203857025
105,87629330053595
105,9549816190293
105,7303681042871
106,26134791197474
105,46515373254542
106,38699509639135
105,88995574880403
105,5185530413179
106,08333247929477
105,69817454508234
105,56420669119862
105,64073739469531
105,51979525837409
105,71671782898939
105,74950325332642
105,59494640091042
106,33957692524109
106,20790625218152
105,96045556337768
105,58603224723521
105,92552766285043
105,72712393185479
105,76457118581853
105,8688126588133
105,71938231091178
105,8063211900273
106,07288485721692
105,4386720941209
105,76703314257458
106,12848105845435
105,83210734600964
105,75900709266402
105,81409035777344
105,70127598905077
105,81472775735595
105,79796437614655
105,59548345721836
105,99322110502867
105,99641402320239
105,98645845428798
105,72973513267141
106,0664582289984
106,24087243155306
105,43182428307026
105,59284669660204
105,38123387703583
105,57021788371702
106,2975175656453
105,8650053379227
105,36315246011605
105,45162849919659
105,74604972708494
105,62146521680737
105,67938195584219
105,64115602386129
105,6752651182595
105,67588554352791
106,12099820430413
105,44845270508736
105,7592702857165
105,98588376344172
105,59305178811223
106,24548603229287
106,0451466333993
105,45890191415428
105,87294338555691
106,01205381726484
106,11567382298385
106,16221037868092
105,27745542194556
105,58545085331049
105,61552577011994
106,08088424487661
106,02623271079001
105,41160526853312
105,87712545806237
105,79618598277415
106,08228221444192
105,58032743026467
105,58712612646839
106,18951060355613
106,10349350727287
105,62632042461432
105,97488256692965
106,14836537236769
105,97584541477822
105,77499086282042
106,06405415864779
105,54532001687573
105,4229142138611
105,9366447069777
105,93054432749157
106,05128805557658
105,73368742123341
105,41933172508799
105,92376861191362
106,28476572231577
106,41465088287997
105,28748837740035
105,46643756826461
105,57132058872477
105,8590158263227
106,0215089970207
105,46551039248958
105,83653125508303
106,063612558581
106,19710964175692
105,94883066874037
106,0394865382363
105,5048513832284
106,08875846912017
105,71657419325497
106,28602608216435
105,89572977928134
105,64970794690733
105,77157604652177
105,57241636992822
105,48239610465438
105,76975426718361
105,28444059993839
105,44220478916547
106,46642499942537
105,64076660775345
105,69761286716871
105,73624974816667
106,44625371973659
106,4972907240293
105,60166248500764
105,9433202005571
105,85760543868705
105,19917160270066
106,0341416121767
105,93862888203589
105,74172651175851
105,8410749079176
105,77097126243979
105,44582201965477
105,37064045703212
105,86336960088208
105,75981588959354
106,28405376392092
106,11223594151296
105,76801828613458
106,26553789522545
105,81394129438974
105,79595237337445
106,14051187595818
106,58288595662583
105,64479318293758
105,61094191741613
105,40225378517871
106,16934840403012
105,60146014029645
105,77377294703275
105,43265929136425
105,94226061101065
105,1692685836764
105,59780573825164
106,04959866652909
106,69191842354647
106,47389476100132
106,26441065815892
105,85984312188327
105,84001650728649
105,88696365290362
105,88138486559045
105,26190295676423
105,726411492751
106,62515997945793
105,86897944225882
105,5614810425406
105,76264186037153
106,0430240382834
105,95167032266367
105,18118803675065
105,82090313620022
106,0143824728837
105,1766285388126
105,66101166040784
105,69733271716522
106,1872001857924
105,97601812196488
105,37685510349408
106,01618613554604
106,06982576252203
105,90064248792598
106,63677488294869
105,61137282126575
105,93640368839117
105,34338110768259
106,00707653665364
105,94850296031237
106,49766645715178
105,92250700662832
105,6203618644724
105,26949731842592
105,51324952731656
105,3837092303828
105,48605332690431
105,40189661367569
106,13090927692032
105,67300036683987
105,34870419286891
105,14574710338583
105,76588649694729
105,36103242138935
105,57271257006039
105,63672974437763
106,48518332084458
105,80581766839767
105,38502024595847
105,65253822705877
105,65912651339998
105,84252519529787
105,90774741537408
105,76969227505607
105,61088724325248
105,90003219121223
106,13731825010154
105,74760612419173
105,62074770426175
105,74126430951412
105,44586117851749
105,95586453022982
105,648692351802
105,75451529429976
105,94137571650903
105,86876420972074
105,48973429591419
105,40798677558664
105,85487806001977
105,6046190057413
105,63173463317659
106,11694863943964
105,59457656139773
105,48801962989609
105,93768447324683
105,88240104570241
105,58704002694724
105,81181096197948
105,4136624537414
105,65255012778306
105,42119735324383
105,63134904240106
105,71734303100328
106,11832245083616
105,89625048903326
105,77648043372061
106,3120330220067
105,74235128470463
105,68820655752066
106,26508451706339
106,06924331807372
105,48541617318759
105,56200949121728
106,01366132289259
105,4361346149307
106,19878744456564
105,65573737383917
105,67815225411113
106,40065773194783
105,80751180027524
105,83602020380663
105,46245948241008
105,59077990760309
105,44323946988246
105,93956276756235
106,3970546018302
105,72377452834917
105,88526973901295
106,15717167458868
105,76806006298213
105,89377105295209
105,72011808205303
106,53070436681054
106,05975770392438
105,48654698791924
105,97065835854639
105,48250109067412
105,50821851912983
105,86679226171847
105,70675567957514
106,30118832760044
106,41795118771815
105,88106704921901
105,46533244411476
105,83359288756506
105,85338445999562
105,67409083730396
106,168067159255
105,65418351350192
105,97473669909728
106,56912596232064
106,16758664309849
106,1351022710542
105,68505038230853
106,25101925528605
105,91310723616063
105,88209855337102
105,90519797079338
105,6571239944705
105,61954775921566
105,6554543981618
105,78944784856395
105,82733737489002
105,77629637973969
105,85778629713663
106,04865815169181
105,59350146856896
105,62490890500612
105,9472433145582
106,53873103538635
105,67293712563165
105,44888459537353
105,90436388066163
105,19233636193486
105,97268192116785
105,79673294483412
105,71166922350724
106,03984997480063
105,96492750300925
105,60058343809243
105,19748984996195
105,71585588243073
106,55932406325559
106,12974568154188
105,7385047640255
105,71058426321784
105,42941275010938
105,6395501071672
105,96253883603221
105,59209616620798
105,89198183862108
106,00976838698156
105,96790751992995
105,3664581072017
105,74913461335643
105,84904653432594
106,04358680253543
105,92602632619601
106,65180636303737
105,8558119826621
105,4440325007881
106,13956205097438
105,926058543576
106,16832774467305
105,87416664114663
105,80065504525541
106,34901706450091
106,08751940471245
105,52267701016324
105,80249477687104
105,76216449438307
105,63881580696305
105,70062328740528
105,5518747213816
106,116215372232
106,23343805571051
105,49148883212243
105,61930850763137
106,03883120780573
105,69571386452235
106,53337081487047
105,85873784404282
106,42839081763407
105,30106101817034
105,51940770459994
105,7167121582431
105,72745448646437
106,17172157566338
106,173311991369
106,16333632090749
106,21813574589905
105,59372536929577
105,69994018532141
105,8591793516234
106,23770177440454
106,18479193701339
105,63542580795536
105,65098912287613
106,04837547204615
106,24275643609612
105,57417577215466
106,55883247101787
106,18605777572654
105,76795248383581
105,56853348932185
105,83217156541322
105,90955130314325
106,40795096195993
105,71828438335322
106,00885067696981
105,72057075098002
105,73256200569269
105,68749234318997
105,43068374413754
106,12180712442574
106,06689686813931
105,753103752559
105,79025358228904
105,89301173113827
106,03579470070672
106,5463477223016
105,70136300684862
106,4020040517
105,84959060500537
106,20886845012112
105,9030466855156
105,6458045246229
106,19438449811526
106,15025394614332
105,70975843648216
105,69259251947469
105,7597105934866
106,08142839943531
105,79537829749766
106,02736013418064
105,93728368739347
105,76292227742539
105,91150295295148
105,92363392662719
105,48565670372504
106,00190248012841
105,8635757786859
106,0241800553818
106,03869315309315
105,84334658229284
106,23539906638456
105,74430863713873
105,55970807537174
105,95308181364007
106,43901761739991
106,38363845485212
105,03730140040986
105,64473561480455
106,44802205436814
105,587177876712
106,29378477696852
105,49523447924267
105,65803260203879
106,74824239256311
105,73486187445882
105,84900385691418
106,05943207001843
105,8233205723028
105,57277593132343
106,22576778118392
105,38350529471342
105,66524528092549
105,35451699443294
105,40994294389584
105,86844853209126
106,09335508350367
105,73456846709963
105,55344145857923
105,99638613180313
105,97257769742355
105,93735065676304
106,06747351109398
105,75877182968622
105,76969029726763
106,03873726287955
105,86373842831132
105,34442343121695
106,34131887995858
105,42464691151886
105,66454374407634
106,06409622713265
106,10608602918855
105,93068845498648
105,75025840577572
105,61508194925409
105,84816238235204
105,99622540968663
105,89397275438643
105,57054194075064
105,642438405897
106,09647729767347
106,57238357332318
105,26590850298885
105,72162502959884
106,15118794274875
105,81462550430587
106,07088322294533
105,52925445422747
105,86877221901274
105,41436809594238
105,88937033519642
106,30376848577492
106,29747838106776
106,26212233871104
106,25481103223818
106,16225117727654
105,81326215540571
105,62575240321378
105,50989577518165
105,46689538093702
105,28253695961331
105,88944299571621
105,7942878315985
106,05411371843694
105,42951693507572
105,93060309727441
105,90823038102198
106,08535473831944
105,52227578680021
105,88055467187527
105,89714390148403
105,39866056556437
105,89922835232699
105,41841697036897
106,05349929079321
105,47146932182973
105,66704177545027
105,62941876905258
105,59129810490762
105,58245569529711
105,58903706825139
106,44834493316921
106,04990907197859
106,0821625375341
105,60178405638662
105,802135196617
105,8026185006847
105,82970258048911
105,77216905715655
105,63303830853447
105,85548294849987
105,70717817328683
105,8110425511852
105,7555696687082
106,52498662003434
105,92286003728262
105,94941731552572
105,33599549623324
105,86631435486049
106,36525680060075
105,38453603092682
105,57103530393528
106,15676469883978
105,87579155498507
105,8504705086955
106,25010150677839
105,68485742416829
106,08960795698682
106,03702610482776
105,82325800919443
105,71898979974293
105,41267532295072
105,6964221522902
106,06399827042378
105,83249510770464
105,8419726681277
105,88622916100744
105,93379479655705
106,48655392276174
105,79743396368221
105,42760610916979
106,12044435750272
106,16906426012987
105,52294138451117
106,04978580149094
105,69030052326193
105,72497450104976
105,4948340152289
106,06271029585966
106,23793672280043
105,6012932805262
105,55781444983349
105,76304257573976
105,59297549714987
105,65773336070997
105,76766538094363
105,97582730654048
106,09402589415431
106,09859069083988
105,38786740711048
105,45901813604512
106,73522736854726
106,07280881225533
105,82284590344645
105,39206658163079
106,41654002380238
105,31094535188828
105,59581016569604
106,06490422054206
105,46192939794683
105,78834418970933
105,68533316315435
105,68688034924227
106,02213856876165
106,10378802997714
106,03889442800923
105,96555294348269
106,00682216073471
105,6371904861607
105,82365020777738
106,15567368508484
105,93447686844796
106,29670112591518
105,42549356094398
105,41250210927782
105,62391693042333
105,28920832600362
105,87581725321398
105,79374748471186
105,89995890129062
105,79939039777568
106,06849168987239
106,14481355642063
105,82086496180511
106,06997009419442
105,76533172369813
105,48420586425374
106,24492529712734
105,75995699529776
105,8898442407559
105,82197742956811
105,51509631690006
105,90995023521232
105,40575586859737
105,66896540270548
105,87439940874337
105,67408618863237
105,8943472277206
105,70338726954382
105,77894138847817
106,14337141063451
106,22295489255193
106,03154162037887
105,61044767632916
105,8728199474036
105,25938630876594
106,34964349250957
105,81495975747659
105,7237686634038
105,95574116283362
105,96115744436247
105,9015212969339
105,72968985572685
106,0155247691416
105,77923715130007
106,14582034477105
106,43044447984028
105,58855525439697
105,55423174519719
105,77713553049526
106,01356035222669
105,87175112131436
106,11620788420322
105,76774423355702
105,81773674766755
105,77625529641703
105,81586664717186
105,8624830661787
105,86291814196193
106,10800619952599
106,14742716252806
105,93352179107931
105,91469646589465
105,70956384353323
106,43177381725403
105,04006080370323
105,94597893796447
105,34030050465196
105,65068577800528
106,18156853538193
105,92871515103181
104,94398295267985
105,38915006520331
105,39836043725583
105,86457047787499
106,03768327856105
105,78200680377172
106,30180334849736
106,05718827948603
105,60663310590607
105,98147275997219
105,3021858191027
105,76105508904148
105,86058977497805
105,8812706759437
105,99610459537146
105,84721497675083
106,46043538109697
105,62692015327013
105,44408248938468
106,19037817036437
105,7939051892433
105,77663171112336
105,57325900370861
105,12559230438731
105,78662038158501
105,65512530267713
105,99262897074934
105,60004460748831
105,47471898797293
105,64956684414318
106,65163914937979
106,22572705752187
105,9342854213276
105,82200121360417
105,87492985703084
105,24720718090359
105,59236914382866
106,05425601835051
106,06624337856104
105,64899269397846
105,58604394345689
105,31428181463703
106,02703557122231
105,72561136097762
105,88166017880448
105,68331822961602
105,49987934907362
105,88380708449209
105,81685717346873
105,7296014095765
105,58655305343363
105,44943572624962
105,9714119146062
105,78220120045098
105,47473806353426
105,88274168837252
105,81501554926956
106,20360342724643
105,7621923042975
105,89777007212719
105,41603304739226
105,6612530982411
105,68690713758875
105,79169189028619
105,73147038133925
106,1531973002622
105,68365312040707
105,74324695382799
106,24761463286936
106,03496403747867
105,54155030562373
105,50599401771933
105,68957691384021
106,33906815068308
105,60745862520514
106,9165070252353
105,81734748403895
105,67320011773401
105,98882466197855
105,40405023832695
105,93369263787979
106,04816731768909
105,76536926312338
106,16856245015327
105,35151524046417
105,2999509293446
106,05415316965261
106,18464059279603
105,70441581818157
106,67559369277507
105,89886390797679
105,67447871125965
106,26439560387844
105,65352822511387
105,7238968150493
105,67890967599551
105,59068800257923
105,94783612469624
106,13857920550788
105,34369012769247
105,86888138209073
105,93116453171936
105,50750074042442
106,74628346093422
106,45653932699436
105,62560475717748
106,06551437120552
105,91395497569738
105,62725523362812
105,11476130222444
106,10961121729746
105,70067930996602
106,08604665059033
105,58368727503498
105,54466039440398
105,77175611905969
105,82362209564641
105,79576754469016
105,50365392667791
106,18047536567457
105,62080924959959
105,61574260893447
105,85160093241188
106,40043384051079
105,44684333781791
105,75558494692586
105,81300579446858
105,83204816021804
106,23200232346812
105,87255274624395
105,62540102383528
105,53577519253872
105,71160690062706
105,91370132734853
106,09094549978359
106,04751664422245
105,51142937958713
105,8396664820433
105,63204248199278
105,75994769411506
105,43433992378554
105,68306168778246
106,10403028874204
105,15774638741104
105,71284747216592
106,01561762432199
105,61398005985235
106,04621730645204
105,65805989073156
105,67347243905635
106,51809127229109
105,57354301192758
105,93264242898589
105,62799715998176
105,90334807295262
105,62461140388638
106,03762016819316
106,17557966693097
105,93432359223665
106,31903629692901
105,432902901094
106,18638509048183
106,05806789882236
105,86048771091112
105,95411244000641
105,8231358096784
105,61184666447701
105,96426339534976
105,84944186719133
105,62630743726884
106,29669419891698
105,80932758348841
105,86302734413405
105,85307392646469
106,32566216869397
105,8421587011114
106,382237855461
106,13409068950386
106,0868281735311
105,75780673413719
106,24749700847696
105,6788671067352
106,0138379922893
105,70959376739538
105,59759898579453
105,17103221544461
105,59709966764039
105,49981304884444
106,41691031651871
106,02875627505122
105,5333726790769
106,07289267858478
106,03687472157293
105,77953701794439
105,57615634420773
105,76822884622472
105,54227493389178
105,80933319451137
105,8142406284707
105,59596094280718
105,27365195443082
106,0930858781636
105,36280442658553
105,59529011499181
105,72674913550247
106,20270932809979
105,90819635522134
105,81152144379948
105,72615684489095
106,31491275425894
105,65361334268782
105,81594790164176
106,60496525603247
106,6216053997078
105,91784431327986
105,90594657671558
105,91884348550451
105,96924277904412
105,62196368048401
105,44450935305235
106,19329316819456
105,90136604427789
105,91133316462572
105,71332948054415
106,70622428421038
106,1252841339199
106,50126977930849
105,6594059672163
105,54360784696448
105,60770498301478
106,57065994850241
105,49797397359438
105,9419772095082
105,73849377441313
105,89571429480327
105,58069625669602
105,77028445090468
105,69632379619641
105,86998766910122
105,83656983982283
106,22872585461275
105,72476327495345
105,37803374186225
105,7305869114775
105,73328188028653
105,82084581280056
106,13064604750703
105,77097596341487
105,58870840469191
106,09406847527052
105,97759087419733
105,51852121312456
105,66503081191796
105,8874385963565
105,91262181697448
105,52443188844379
106,0579459361681
106,00273778928357
105,90107507699769
105,43478479921308
105,94334980772751
106,42936276514293
105,75749065962603
105,7538923100613
105,70701281573693
106,19999556763474
105,97429073927613
105,91150248292523
106,00962091639948
106,28888456606003
105,84180413554576
106,13538926274053
106,3077383364484
105,68998600384066
106,10404453390436
106,11442873612437
106,03458597664832
105,6227813222052
105,8841261448231
105,86589283304971
106,44078385025897
105,81819605774535
105,75215792624397
106,31262097502675
106,14490613534922
105,67816292413406
105,954090490492
105,63331810476483
105,52249258904612
105,66075704183365
105,9679826250148
105,61670295662792
105,62044452911296
105,59373693984773
105,89005791211738
106,02671886278686
105,76403061486016
105,90689998961017
106,48320258710662
105,54544156892246
105,73027868980428
105,36997039547886
106,16509568730686
106,2137629397584
105,96839312246182
105,1839286709328
106,31093129160158
106,15830932668652
105,56263963589504
105,82816153687526
106,26600351129886
105,90410064449573
105,59692075081807
106,10730250432931
106,4975115348532
106,40864790738044
105,56719073462389
105,99493591047657
106,1752474880375
105,79130738747837
105,93470620615935
106,0302997827521
105,94180729867483
105,6080480811994
105,58674737551678
105,48217242976516
105,63204239184053
105,4242386770142
105,93215203675854
105,65111656050325
106,44659104822566
105,8868557823489
105,5715556373311
105,4790126926073
106,16281514127911
105,68848305622225
105,92848268492241
106,51613987943531
105,71525293490579
105,66114329532212
106,62669674698265
105,7996033150769
105,73761450621546
105,86260210810696
106,57600730491122
105,44373360720033
105,83682074990301
106,33987735382125
105,95802072321
105,93017391845889
105,73458671585723
105,22702588849491
105,89792453540296
105,97668321852048
106,19696920113702
105,50498276710904
105,84796392874011
106,37983567023588
105,75597269217792
105,57623343654721
105,83316937669646
106,17896220944556
105,74380451247472
105,88622484224413
105,74979676178998
105,53580602635961
105,6991683182525
105,24024567157998
106,15716788071738
106,0907008065484
105,41550375023357
105,83125494951392
105,67124037605481
106,27006656457772
105,76529279183659
105,29911780886152
106,00258142068839
106,61426154824292
105,74609942918202
106,08157748143282
106,24078652803021
105,98888885928014
105,78911810251986
106,63559429098187
105,5489228526443
105,66213922440177
105,6302693084212
105,92414232502647
106,21547796316608
105,59828789567675
105,72303200846135
106,00437175197922
105,30665004020082
106,14150407977405
105,6398691394612
105,8892458280968
105,7529723005243
105,920776115072
105,85474954005475
105,37196865220623
105,86233585156292
105,54805607589908
105,82648263585436
105,93537962663943
105,88442111601506
105,6840045976022
106,12232453406833
105,66877120439015
105,87444907503999
106,36738190863835
106,50086922963716
105,54903602191251
105,70935625930728
105,77491256870941
106,36639767844022
105,8769231946106
105,7883563764617
106,22984542859041
105,5582739495565
105,71825255389679
106,05013032175317
105,85072330773426
105,53361069036971
105,83133328078517
105,2508882971016
106,01095415538278
106,66026197166127
105,84093258250743
105,42125264548972
106,31411134188784
105,77027721653069
105,39564078947731
105,8757968638003
105,91992783804844
106,37268789338832
106,12242993512872
105,72613707619433
105,64879983492784
105,35512209308555
106,15647963520765
105,5726739312239
105,84705207828219
106,55877025867754
105,94880630741955
105,73177084894375
105,49999933043803
105,65748165614237
106,28669841274177