1053
775
1090
788
907
1132
1116
886
1091
765
1215
751
796
660
763
701
865
1091
759
1130
1192
675
1096
719
1138
1109
658
1155
924
830
728
1172
1148
697
953
967
1132
1071
1067
1143
903
1235
997
682
702
733
1137
1129
834
783
746
746
1087
1004
1047
944
792
730
1113
1068
971
897
1006
820
907
682
921
1129
995
703
687
679
1076
1249
1169
755
982
1247
1081
1012
795
904
702
1205
947
1178
705
963
1114
872
788
797
721
1134
798
1101
861
1031
905
690
1048
921
1173
716
941
958
976
1126
1233
1029
1141
1028
1244
1006
903
1004
770
868
1110
1187
1203
957
921
681
693
726
773
1051
716
1032
783
758
983
684
859
798
1101
1208
748
684
1023
1059
1131
897
742
851
731
1141
1208
692
1129
942
762
708
1031
775
1098
1215
725
1175
1232
937
874
1100
1229
977
971
824
1213
756
1163
1164
798
1053
903
701
933
1235
1035
792
1158
1189
749
826
677
988
1072
978
1099
1052
885
946
894
787
1112
1092
658
720
965
952
869
963
1143
757
939
856
878
1200
881
1132
812
1089
696
765
892
1133
767
1213
1075
923
1208
791
772
724
1118
918
977
800
745
1149
881
677
772
880
1166
1070
716
858
1100
887
1006
734
1128
855
726
778
658
828
1209
916
860
1001
1183
993
933
712
873
883
905
1092
739
884
777
1224
665
703
1034
769
1183
881
654
956
707
1120
1087
1056
1083
689
786
1220
746
1120
750
1155
1231
1230
655
935
1092
1167
749
653
924
1179
826
954
1050
1162
1043
1106
1138
1103
967
1115
828
1171
798
849
1225
831
1217
733
1205
885
860
809
657
844
810
1045
691
1082
957
970
1099
855
832
701
670
964
722
1204
1035
1024
1230
840
961
759
910
843
748
1118
767
1157
650
1179
660
897
998
1074
1116
900
1001
1001
1079
832
760
856
694
1177
688
1025
983
1198
666
803
758
1220
716
803
657
1144
705
965
733
968
887
708
673
1104
1154
1168
956
1106
667
799
680
990
1065
1190
1027
1180
1229
695
1139
804
773
1168
1056
921
860
731
828
1109
728
1149
1229
1207
832
808
860
692
921
820
768
1056
799
897
943
696
1203
945
750
1248
757
881
1121
882
996
955
1115
1216
859
867
1148
914
677
1021
991
1190
891
938
1200
1139
974
1224
865
734
847
1099
1069
951
699
742
816
1056
997
760
931
774
1178
859
890
827
661
1027
880
856
1158
1221
1103
1132
922
1086
972
1081
1088
889
867
726
716
840
889
1210
1052
1085
976
751
806
890
1098
668
1008
809
692
828
862
796
1165
1006
999
1208
786
1165
870
839
830
979
985
966
999
821
929
921
931
1051
1184
890
779
1227
835
1001
1063
861
839
1079
751
656
1208
981
812
770
730
1015
1227
727
878
1234
959
1006
833
1121
1145
798
742
1207
901
654
664
733
1209
1053
707
810
1130
1216
889
771
901
1021
907
1108
1036
743
1130
866
1035
795
834
958
1071
1205
1091
664
1166
865
1060
696
1022
1118
1068
820
1171
772
916
651
1247
1223
779
1023
1140
728
1024
900
1199
1168
1109
1155
858
1163
1197
1074
1170
1184
883
887
1184
1167
881
742
867
1203
904
734
1244
1015
1221
834
851
883
1064
1205
759
1022
1141
951
857
943
921
1216
893
914
979
1087
1064
819
758
1099
878
927
668
671
762
1124
836
970
912
1113
822
984
726
1117
1163
879
969
761
850
671
792
1062
819
744
1218
806
1133
1174
909
938
1102
1220
1093
729
683
967
667
971
730
1119
1183
1128
715
863
850
822
672
696
1072
843
962
1119
855
956
829
1091
758
945
1019
949
818
1048
697
1136
1118
790
1248
1172
759
1109
1087
1140
1045
1018
669
799
859
958
1006
1052
702
819
756
1040
695
1087
1020
942
1240
820
883
700
990
723
908
746
1131
1163
1092
1048
1068
1100
799
1115
750
891
1091
930
933
917
795
741
1149
653
1131
1191
1098
814
1181
793
753
683
918
1153
1085
772
691
876
983
747
831
1109
1219
880
1126
862
820
1007
1078
1121
1174
1192
881
987
851
819
732
657
1109
935
781
1228
847
798
683
1070
813
1042
1007
1058
847
894
839
1037
1059
1032
975
1216
711
941
826
1149
1121
1109
692
971
719
667
809
1185
1206
767
844
750
741
1165
892
819
1209
947
872
1245
1214
1153
705
1100
1161
898
1229
950
1138
1056
822
1202
925
990
733
1180
705
891
1075
745
1125
1084
754
1085
1121
1006
1141
1231
951
1149
656
1179
778
759
820
692
1219
1190
740
1014
1180
786
944
850
1107
821
732
932
1205
792
956
1052
695
849
832
827
1140
1106
861
1145
923
1098
777
958
938
822
987
1133
1067
973
1046
1189
1032
1240
811
1213
743
872
866
769
1001
1162
954
811
1247
870
685
825
751
996
1039
1137
731
1143
1224
1107
984
1232
744
1231
848
1212
1065
839
844
1031
1009
734
821
815
1148
1150
918
706
870
1078
1066
1136
790
872
1194
1202
984
916
1128
1105
750
1209
786
896
987
994
1095
1141
909
1168
815
921
904
1109
977
691
675
700
732
849
760
979
667
1151
746
841
878
819
1154
857
1022
1070
1026
941
765
910
1140
970
779
1243
949
1084
855
1137
1018
925
1058
935
1192
1080
889
827
752
1241
858
704
1113
697
836
681
1074
880
725
762
680
774
1159
834
1144
661
713
747
938
688
661
720
1155
816
1156
893
868
777
737
829
1182
1218
1163
848
1198
1131
1051
1033
1091
1121
993
1071
821
958
1145
1169
867
920
1110
812
993
981
1152
900
1156
909
1180
1171
999
695
914
1235
1046
1040
1201
1230
961
885
809
1149
670
1031
1179
847
1152
730
1141
657
878
972
810
1086
936
997
823
850
1005
1073
1015
1150
1119
1211
1232
1178
1019
1068
752
867
712
779
730
658
1062
894
920
1054
1000
838
1022
704
1112
1093
989
903
1159
1025
688
812
1023
1024
812
1077
1013
1125
900
868
996
985
723
864
1061
733
746
937
937
1081
1181
1057
805
1219
870
656
771
842
917
1157
1127
1169
1127
1162
734
1185
1093
825
1063
767
859
946
785
829
683
1136
814
1030
763
969
702
1236
842
792
954
877
1159
1118
884
831
1074
814
745
1175
828
888
859
1057
1212
1005
846
1163
1122
661
1160
788
745
1073
1213
1005
1083
1138
1228
1106
875
679
1160
696
870
793
943
945
1124
774
1173
1077
763
983
1130
877
918
1082
808
662
784
874
1248
960
1160
1036
835
924
810
654
756
705
1123
1207
1044
722
1078
1114
1075
1142
1203
1145
1198
840
1235
969
1079
685
1066
1076
821
930
1021
1030
1081
779
713
844
1013
1141
1214
892
762
922
1218
770
1009
964
818
748
1178
1159
668
808
1186
1098
1241
823
750
712
971
1097
955
1134
1029
867
928
742
793
832
1141
771
1082
923
945
1018
898
743
1169
1228
1220
718
965
1087
805
1028
809
851
721
802
678
1030
980
1176
1157
1194
961
1157
679
1110
743
982
1221
715
685
1236
1142
910
813
1246
815
719
891
1203
1029
1089
694
1142
731
770
1074
1071
1094
874
1163
782
934
1057
693
969
763
1016
658
886
1144
890
820
984
1057
1219
1142
1081
1219
679
1128
819
1022
1188
1048
1231
858
1053
1090
1135
1128
840
727
1105
945
878
1113
884
807
936
1115
1218
945
1246
1239
1223
658
812
993
831
689
922
766
718
1197
926
1163
1166
803
1026
1147
746
1005
831
1169
898
1009
1201
943
877
793
674
1185
1096
1163
1020
777
903
1084
990
800
926
983
1105
747
1209
1060
1138
791
1221
928
965
821
1039
894
835
1183
954
888
682
775
860
752
753
881
1138
1020
1139
1006
1178
1090
908
1136
1171
888
1198
1223
786
758
943
1122
789
1126
775
1218
966
1151
833
1114
835
1066
671
848
711
1029
1095
1235
1141
1234
925
1089
767
734
1169
1216
1231
774
1101
748
837
1024
693
1193
895
1080
1042
688
1074
1049
958
1020
1247
972
888
1023
937
1089
1192
966
768
663
776
1241
1151
923
899
1053
871
732
852
727
1202
826
1073
961
994
1233
670
821
1186
1163
1206
720
955
1249
851
808
674
1023
1059
1134
737
670
1037
1017
1001
791
972
838
810
782
856
1195
738
978
877
1044
994
1016
666
824
1040
1233
1083
807
744
716
1216
1074
695
1241
896
782
816
1160
1205
1048
905
846
1219
658
746
1181
1241
707
1084
913
920
931
761
765
983
942
995
1204
1025
914
1128
690
806
1000
1222
877
806
983
1049
1195
1225
1031
1168
1011
1243
1154
799
1235
899
793
1168
1147
1036
1165
655
1149
730
1080
703
1054
1216
651
1168
1026
784
965
1088
730
822
783
914
918
1081
1124
897
654
699
823
917
698
808
854
654
688
1151
1163
907
747
793
909
845
946
747
1103
873
1001
748
684
1185
758
1153
702
1004
1206
1226
750
928
698
1129
904
1173
980
976
897
832
665
704
855
826
770
745
1020
1161
1034
1222
1029
728
1239
790
832
1141
1084
1176
1085
1213
761
1231
1128
1115
1026
845
816
1002
836
825
1124
910
766
1094
881
1218
883
1128
805
1130
1241
1163
885
827
1161
1114
1106
1135
939
837
1110
884
970
1053
678
725
1067
797
1211
1128
1165
1117
842
771
1178
1086
1140
703
1072
1211
1020
746
746
1145
699
1148
748
908
779
1067
1233
710
741
1248
1229
999
767
1249
686
728
1196
767
982
850
1216
1209
778
828
1215
696
718
938
661
671